# -*- coding: utf-8 -*-
# vim: ft=conf fdm=marker et sts=2 sw=2
#
# Human breath rate data set I
#
# Data was obtained from 4096 continuous samples of dataset B1 (starting
# from the 305th) of the Santa Fe time series contest [1].
#
# The first column contains time (in minutes) and the second is the
# chest volume (respiration force).  See Fig. 7.3 of Kantz & Schreiber
# (2003) for more.
#
# [1]: http://www.physionet.org/physiobank/database/santa-fe/

0.0     7744
0.5     6846
1.0     6647
1.5     8410
2.0     6687
2.5     8016
3.0     5300
3.5     4236
4.0     4254
4.5     5112
5.0     5119
5.5     3373
6.0     3524
6.5     4173
7.0     3716
7.5     4600
8.0     4514
8.5     4904
9.0     5425
9.5     5568
10.0    5522
10.5    5509
11.0    5520
11.5    5390
12.0    -2623
12.5    -920
13.0    4699
13.5    13317
14.0    9582
14.5    4055
15.0    -1213
15.5    5859
16.0    7402
16.5    7870
17.0    7526
17.5    13119
18.0    9718
18.5    8823
19.0    6601
19.5    1835
20.0    -3368
20.5    -1321
21.0    10068
21.5    8437
22.0    5559
22.5    4843
23.0    5113
23.5    5368
24.0    5822
24.5    6495
25.0    4434
25.5    3823
26.0    3481
26.5    3818
27.0    4195
27.5    4494
28.0    4858
28.5    4974
29.0    5465
29.5    5389
30.0    5691
30.5    2400
31.0    -3048
31.5    444
32.0    3715
32.5    17277
33.0    11695
33.5    5905
34.0    5336
34.5    5305
35.0    6888
35.5    7643
36.0    7193
36.5    3355
37.0    -4779
37.5    -2381
38.0    14135
38.5    10468
39.0    6818
39.5    3846
40.0    4410
40.5    4878
41.0    5011
41.5    6077
42.0    6262
42.5    8959
43.0    7534
43.5    4819
44.0    5655
44.5    5191
45.0    3354
45.5    4286
46.0    1007
46.5    -490
47.0    9306
47.5    8440
48.0    6176
48.5    6214
49.0    6673
49.5    6358
50.0    4243
50.5    4315
51.0    4705
51.5    4822
52.0    4779
52.5    5800
53.0    5884
53.5    5709
54.0    5162
54.5    4696
55.0    4765
55.5    5349
56.0    5253
56.5    5032
57.0    4953
57.5    5394
58.0    5173
58.5    5428
59.0    5443
59.5    5735
60.0    5043
60.5    4739
61.0    3314
61.5    -2518
62.0    148
62.5    7898
63.0    14597
63.5    10763
64.0    7350
64.5    1992
65.0    -763
65.5    1456
66.0    10648
66.5    11401
67.0    8976
67.5    6098
68.0    5754
68.5    6106
69.0    4966
69.5    5226
70.0    4314
70.5    4700
71.0    5639
71.5    7373
72.0    7263
72.5    5673
73.0    5328
73.5    4421
74.0    4284
74.5    4160
75.0    4200
75.5    4187
76.0    4527
76.5    5610
77.0    5874
77.5    4927
78.0    4816
78.5    5175
79.0    5423
79.5    5329
80.0    4878
80.5    4878
81.0    5379
81.5    5248
82.0    -848
82.5    -1937
83.0    3404
83.5    15058
84.0    10591
84.5    8114
85.0    6879
85.5    6951
86.0    6770
86.5    5099
87.0    -1079
87.5    -3389
88.0    8976
88.5    11565
89.0    7990
89.5    6776
90.0    6453
90.5    6032
91.0    5982
91.5    5745
92.0    4720
92.5    4666
93.0    4821
93.5    5075
94.0    4948
94.5    4970
95.0    5161
95.5    5195
96.0    5452
96.5    5764
97.0    5493
97.5    5295
98.0    5405
98.5    5273
99.0    4812
99.5    4820
100.0   5112
100.5   5745
101.0   5390
101.5   4737
102.0   5176
102.5   4898
103.0   110
103.5   -1000
104.0   1935
104.5   11634
105.0   10068
105.5   8088
106.0   8091
106.5   8160
107.0   7127
107.5   4502
108.0   4318
108.5   4302
109.0   6421
109.5   983
110.0   -394
110.5   3724
111.0   9626
111.5   7713
112.0   7784
112.5   7628
113.0   6955
113.5   6458
114.0   6033
114.5   5041
115.0   3988
115.5   3743
116.0   3841
116.5   4223
117.0   4655
117.5   5239
118.0   5425
118.5   5724
119.0   5402
119.5   6254
120.0   5642
120.5   5505
121.0   5163
121.5   4910
122.0   5428
122.5   5078
123.0   5222
123.5   5321
124.0   5342
124.5   5602
125.0   5378
125.5   5253
126.0   5554
126.5   5648
127.0   5565
127.5   5356
128.0   5673
128.5   5320
129.0   5261
129.5   5046
130.0   5615
130.5   -4752
131.0   -2141
131.5   3548
132.0   4303
132.5   14425
133.0   10120
133.5   7077
134.0   9939
134.5   10390
135.0   4962
135.5   -2772
136.0   -3606
136.5   4440
137.0   9202
137.5   10964
138.0   10401
138.5   8047
139.0   6699
139.5   360
140.0   -732
140.5   2174
141.0   8652
141.5   9066
142.0   8029
142.5   6688
143.0   6197
143.5   5096
144.0   1663
144.5   2111
145.0   6640
145.5   7863
146.0   6888
146.5   7660
147.0   7378
147.5   8947
148.0   6874
148.5   4573
149.0   4288
149.5   3975
150.0   4763
150.5   3867
151.0   5018
151.5   4583
152.0   4916
152.5   4984
153.0   5296
153.5   5435
154.0   4694
154.5   4514
155.0   4362
155.5   4539
156.0   5069
156.5   5562
157.0   5829
157.5   5360
158.0   5507
158.5   5235
159.0   4351
159.5   -1394
160.0   1128
160.5   12034
161.0   9215
161.5   7751
162.0   6676
162.5   6039
163.0   6818
163.5   6919
164.0   3503
164.5   -1792
165.0   1809
165.5   9710
166.0   8551
166.5   6663
167.0   6189
167.5   6606
168.0   5710
168.5   6162
169.0   5233
169.5   3774
170.0   4035
170.5   4052
171.0   4786
171.5   4757
172.0   5401
172.5   5376
173.0   6010
173.5   5128
174.0   5487
174.5   5327
175.0   4918
175.5   5160
176.0   5414
176.5   6276
177.0   6161
177.5   5975
178.0   6383
178.5   5950
179.0   5811
179.5   5656
180.0   5690
180.5   5120
181.0   5046
181.5   5460
182.0   1270
182.5   -1934
183.0   1285
183.5   11301
184.0   12138
184.5   8428
185.0   7416
185.5   5969
186.0   4839
186.5   -1844
187.0   -271
187.5   450
188.0   2741
188.5   11938
189.0   11791
189.5   7789
190.0   5381
190.5   7039
191.0   6701
191.5   7107
192.0   5442
192.5   4721
193.0   5412
193.5   5404
194.0   1333
194.5   6402
195.0   7026
195.5   7089
196.0   5704
196.5   6724
197.0   5152
197.5   4492
198.0   4263
198.5   4142
199.0   5079
199.5   4337
200.0   4570
200.5   5259
201.0   5370
201.5   5284
202.0   6142
202.5   4661
203.0   4915
203.5   4737
204.0   4713
204.5   5347
205.0   5755
205.5   5583
206.0   5534
206.5   5658
207.0   5186
207.5   5239
208.0   4908
208.5   5468
209.0   5289
209.5   5230
210.0   5110
210.5   5142
211.0   5715
211.5   5599
212.0   5907
212.5   5431
213.0   5039
213.5   5515
214.0   5096
214.5   5244
215.0   5147
215.5   5432
216.0   5946
216.5   5646
217.0   5514
217.5   316
218.0   -3083
218.5   1104
219.0   8726
219.5   9654
220.0   15218
220.5   15018
221.0   8542
221.5   -5696
222.0   -5537
222.5   -1723
223.0   10447
223.5   13863
224.0   12162
224.5   11342
225.0   8839
225.5   4559
226.0   2030
226.5   -1775
227.0   -2086
227.5   10002
228.0   12117
228.5   7684
229.0   3864
229.5   5695
230.0   6367
230.5   6574
231.0   7612
231.5   3413
232.0   2742
232.5   3850
233.0   4097
233.5   4826
234.0   4980
234.5   5149
235.0   5505
235.5   5165
236.0   5541
236.5   5547
237.0   5710
237.5   5647
238.0   5558
238.5   5231
239.0   5514
239.5   5565
240.0   5801
240.5   5258
241.0   4902
241.5   5157
242.0   5409
242.5   5728
243.0   5395
243.5   5436
244.0   5797
244.5   4992
245.0   5916
245.5   5276
246.0   5803
246.5   5114
247.0   5434
247.5   -418
248.0   -1156
248.5   9504
249.0   15375
249.5   11445
250.0   6318
250.5   6280
251.0   5670
251.5   6010
252.0   2456
252.5   2597
253.0   -4238
253.5   6274
254.0   14022
254.5   9936
255.0   7231
255.5   9428
256.0   5484
256.5   3971
257.0   142
257.5   1320
258.0   2508
258.5   3600
259.0   4395
259.5   4445
260.0   4515
260.5   5305
261.0   5687
261.5   5787
262.0   5528
262.5   5524
263.0   5429
263.5   5306
264.0   5415
264.5   5759
265.0   6345
265.5   5690
266.0   5881
266.5   6650
267.0   10402
267.5   5576
268.0   4044
268.5   3968
269.0   4241
269.5   5007
270.0   5377
270.5   7263
271.0   5931
271.5   4685
272.0   4641
272.5   4998
273.0   5145
273.5   -2458
274.0   -1329
274.5   7784
275.0   17601
275.5   10835
276.0   6658
276.5   4605
277.0   -2285
277.5   -1996
278.0   7408
278.5   7867
279.0   6574
279.5   6468
280.0   6414
280.5   7334
281.0   5137
281.5   13499
282.0   11729
282.5   -955
283.0   -3430
283.5   3640
284.0   12341
284.5   10175
285.0   8075
285.5   5618
286.0   538
286.5   -4034
287.0   -461
287.5   9429
288.0   9831
288.5   6092
289.0   4221
289.5   4217
290.0   2138
290.5   410
291.0   4265
291.5   10308
292.0   7844
292.5   6910
293.0   7070
293.5   6109
294.0   5910
294.5   6877
295.0   7344
295.5   4780
296.0   4876
296.5   4551
297.0   2900
297.5   3177
298.0   4136
298.5   5768
299.0   5826
299.5   5166
300.0   6034
300.5   4365
301.0   -789
301.5   3471
302.0   12227
302.5   8928
303.0   7183
303.5   5654
304.0   6072
304.5   5571
305.0   5360
305.5   4554
306.0   4386
306.5   3807
307.0   4878
307.5   5328
308.0   10418
308.5   7876
309.0   568
309.5   6
310.0   9914
310.5   11320
311.0   8563
311.5   7767
312.0   6336
312.5   3376
313.0   -387
313.5   571
314.0   -3323
314.5   4176
315.0   11710
315.5   9138
316.0   8672
316.5   7772
317.0   6770
317.5   3844
318.0   -694
318.5   -958
319.0   1399
319.5   12328
320.0   10878
320.5   10736
321.0   6736
321.5   7744
322.0   -3028
322.5   -3999
323.0   -1477
323.5   8342
324.0   12559
324.5   11063
325.0   10138
325.5   6681
326.0   2188
326.5   -3656
327.0   -2097
327.5   4309
328.0   12146
328.5   10996
329.0   9346
329.5   6716
330.0   5269
330.5   6917
331.0   -596
331.5   -322
332.0   1153
332.5   2914
333.0   4045
333.5   5092
334.0   6191
334.5   6790
335.0   5921
335.5   6113
336.0   5786
336.5   6991
337.0   5846
337.5   6397
338.0   6399
338.5   6673
339.0   5354
339.5   5031
340.0   5280
340.5   6110
341.0   5985
341.5   5557
342.0   5341
342.5   5447
343.0   5486
343.5   5767
344.0   3958
344.5   -1811
345.0   1028
345.5   6521
346.0   8383
346.5   16659
347.0   16518
347.5   9369
348.0   -6320
348.5   -5321
349.0   6
349.5   14506
350.0   13832
350.5   10745
351.0   5289
351.5   1623
352.0   -3960
352.5   -1922
353.0   6906
353.5   9201
354.0   6322
354.5   5929
355.0   6192
355.5   7232
356.0   7292
356.5   4941
357.0   -2835
357.5   356
358.0   10112
358.5   7868
359.0   6860
359.5   6820
360.0   6989
360.5   6998
361.0   6755
361.5   5805
362.0   5200
362.5   5097
363.0   5562
363.5   5284
364.0   5565
364.5   5256
365.0   5671
365.5   5053
366.0   5269
366.5   5043
367.0   5190
367.5   5576
368.0   4549
368.5   4915
369.0   5371
369.5   5473
370.0   4664
370.5   5490
371.0   5274
371.5   4906
372.0   4977
372.5   5503
373.0   5672
373.5   5814
374.0   5427
374.5   5689
375.0   5224
375.5   5276
376.0   5552
376.5   5557
377.0   5548
377.5   5362
378.0   4798
378.5   4578
379.0   5639
379.5   6133
380.0   6263
380.5   6709
381.0   5853
381.5   4918
382.0   -2334
382.5   -891
383.0   421
383.5   2556
384.0   4501
384.5   13097
385.0   12870
385.5   9459
386.0   2728
386.5   -2985
387.0   -763
387.5   5686
388.0   13391
388.5   11840
389.0   6754
389.5   4307
390.0   2038
390.5   -1412
391.0   83
391.5   8579
392.0   9094
392.5   7197
393.0   7838
393.5   7594
394.0   7018
394.5   6708
395.0   7282
395.5   7284
396.0   5955
396.5   4603
397.0   4677
397.5   4918
398.0   5107
398.5   5032
399.0   4983
399.5   5148
400.0   5399
400.5   5473
401.0   5331
401.5   5374
402.0   4655
402.5   5053
403.0   2935
403.5   1605
404.0   6031
404.5   7159
405.0   7003
405.5   6757
406.0   6025
406.5   5668
407.0   5513
407.5   5242
408.0   5072
408.5   5204
409.0   4594
409.5   4146
410.0   5047
410.5   5260
411.0   5184
411.5   5708
412.0   6394
412.5   5544
413.0   5699
413.5   5268
414.0   4056
414.5   3898
415.0   4204
415.5   4783
416.0   5319
416.5   6698
417.0   6401
417.5   6288
418.0   5850
418.5   4608
419.0   5279
419.5   4834
420.0   2326
420.5   -1378
421.0   1712
421.5   8148
422.0   13960
422.5   6640
423.0   -1885
423.5   6
424.0   2300
424.5   4090
425.0   9641
425.5   17194
426.0   14635
426.5   10778
427.0   7065
427.5   1823
428.0   2233
428.5   5568
429.0   5041
429.5   4941
430.0   2676
430.5   1322
431.0   -7389
431.5   871
432.0   11622
432.5   7940
433.0   5975
433.5   5995
434.0   5863
434.5   5740
435.0   8084
435.5   9090
436.0   6877
436.5   6526
437.0   5043
437.5   5481
438.0   6252
438.5   4868
439.0   -211
439.5   -1053
440.0   8741
440.5   8272
441.0   7109
441.5   6445
442.0   5883
442.5   6664
443.0   7984
443.5   4903
444.0   5729
444.5   5836
445.0   6559
445.5   6608
446.0   3476
446.5   3698
447.0   2980
447.5   5295
448.0   4764
448.5   4777
449.0   4910
449.5   5437
450.0   3058
450.5   -1419
451.0   -570
451.5   12107
452.0   10803
452.5   7533
453.0   6084
453.5   5713
454.0   6889
454.5   7122
455.0   6707
455.5   6931
456.0   2661
456.5   2952
457.0   1885
457.5   -653
458.0   5915
458.5   11262
459.0   7833
459.5   6874
460.0   7072
460.5   8293
461.0   8739
461.5   1686
462.0   -881
462.5   -257
463.0   9513
463.5   9177
464.0   7248
464.5   6183
465.0   4637
465.5   6410
466.0   7686
466.5   6678
467.0   3624
467.5   3719
468.0   4599
468.5   4192
469.0   4262
469.5   4160
470.0   601
470.5   2363
471.0   11382
471.5   8757
472.0   8040
472.5   8117
473.0   4426
473.5   3563
474.0   2813
474.5   3350
475.0   4080
475.5   4832
476.0   4999
476.5   5084
477.0   4938
477.5   5269
478.0   5178
478.5   6869
479.0   6083
479.5   5591
480.0   4780
480.5   1276
481.0   -3022
481.5   3265
482.0   15689
482.5   11166
483.0   5799
483.5   6840
484.0   7081
484.5   1864
485.0   -3251
485.5   -1239
486.0   14094
486.5   12815
487.0   9375
487.5   5770
488.0   4936
488.5   4024
489.0   -298
489.5   -569
490.0   8881
490.5   14081
491.0   10154
491.5   6565
492.0   5718
492.5   5072
493.0   3580
493.5   2138
494.0   5638
494.5   4308
495.0   7033
495.5   4753
496.0   6024
496.5   8022
497.0   1636
497.5   1320
498.0   3581
498.5   9102
499.0   9017
499.5   7590
500.0   4816
500.5   4290
501.0   3572
501.5   4658
502.0   8354
502.5   9846
503.0   5827
503.5   3859
504.0   2632
504.5   3227
505.0   4177
505.5   4168
506.0   5012
506.5   5213
507.0   4800
507.5   4393
508.0   4713
508.5   5337
509.0   5066
509.5   5841
510.0   -2270
510.5   -1262
511.0   14683
511.5   13050
512.0   7079
512.5   6634
513.0   4792
513.5   6411
514.0   5361
514.5   12165
515.0   5575
515.5   -590
516.0   -1233
516.5   1951
517.0   6839
517.5   6503
518.0   6751
518.5   6798
519.0   6296
519.5   6883
520.0   5942
520.5   5557
521.0   6599
521.5   6682
522.0   6736
522.5   6128
523.0   5004
523.5   6028
524.0   6482
524.5   14755
525.0   13269
525.5   -6177
526.0   -9058
526.5   -5804
527.0   -3281
527.5   13370
528.0   18986
528.5   15118
529.0   10765
529.5   7292
530.0   5506
530.5   3655
531.0   2470
531.5   671
532.0   -6526
532.5   -2727
533.0   11240
533.5   9361
534.0   8285
534.5   5470
535.0   6582
535.5   4319
536.0   2793
536.5   3191
537.0   3485
537.5   4465
538.0   5985
538.5   5928
539.0   5507
539.5   5810
540.0   6207
540.5   6307
541.0   6731
541.5   9623
542.0   9690
542.5   7382
543.0   8680
543.5   7691
544.0   3976
544.5   3619
545.0   6716
545.5   3996
546.0   4143
546.5   3421
547.0   3839
547.5   3159
548.0   4205
548.5   5657
549.0   1185
549.5   -2159
550.0   5520
550.5   12558
551.0   9714
551.5   6615
552.0   6318
552.5   6332
553.0   7175
553.5   3988
554.0   -3169
554.5   -1702
555.0   9773
555.5   12518
556.0   8097
556.5   6425
557.0   5735
557.5   5584
558.0   4549
558.5   3242
559.0   256
559.5   5431
560.0   9377
560.5   8308
561.0   7206
561.5   6972
562.0   7334
562.5   8845
563.0   7597
563.5   6116
564.0   461
564.5   684
565.0   1120
565.5   2365
566.0   253
566.5   6769
567.0   8928
567.5   9706
568.0   8423
568.5   8041
569.0   7251
569.5   2810
570.0   2717
570.5   3265
571.0   -2425
571.5   1464
572.0   11603
572.5   8763
573.0   6890
573.5   7499
574.0   6473
574.5   8068
575.0   2645
575.5   -1852
576.0   -398
576.5   10962
577.0   11139
577.5   8470
578.0   6737
578.5   7056
579.0   6250
579.5   3975
580.0   3532
580.5   2639
581.0   2736
581.5   5756
582.0   6853
582.5   5970
583.0   7323
583.5   8613
584.0   5405
584.5   1399
585.0   2597
585.5   3295
586.0   4102
586.5   4227
587.0   4923
587.5   5511
588.0   5172
588.5   5944
589.0   5571
589.5   5962
590.0   6714
590.5   6259
591.0   6599
591.5   688
592.0   -2037
592.5   3255
593.0   15884
593.5   9769
594.0   7230
594.5   6768
595.0   -1776
595.5   -1703
596.0   978
596.5   17064
597.0   13563
597.5   7512
598.0   5433
598.5   3257
599.0   -100
599.5   -242
600.0   8798
600.5   12676
601.0   9587
601.5   8318
602.0   6096
602.5   6937
603.0   -983
603.5   -1203
604.0   5825
604.5   9194
605.0   5559
605.5   6407
606.0   6808
606.5   9147
607.0   6135
607.5   -516
608.0   -800
608.5   1930
609.0   6717
609.5   9188
610.0   9768
610.5   9454
611.0   6286
611.5   3172
612.0   434
612.5   1384
613.0   3247
613.5   4724
614.0   5284
614.5   5499
615.0   5210
615.5   5414
616.0   125
616.5   1789
617.0   11281
617.5   11033
618.0   9496
618.5   9096
619.0   7028
619.5   5531
620.0   4481
620.5   3022
621.0   2740
621.5   484
622.0   1558
622.5   2963
623.0   10560
623.5   14056
624.0   7996
624.5   6771
625.0   5151
625.5   2104
626.0   -562
626.5   35
627.0   6778
627.5   12721
628.0   8705
628.5   6477
629.0   6434
629.5   4962
630.0   5281
630.5   2507
631.0   501
631.5   1526
632.0   6330
632.5   7146
633.0   6993
633.5   8273
634.0   8416
634.5   2821
635.0   -534
635.5   493
636.0   3159
636.5   4360
637.0   6506
637.5   5547
638.0   6340
638.5   6117
639.0   6065
639.5   5846
640.0   5686
640.5   5403
641.0   4910
641.5   4173
642.0   4830
642.5   5492
643.0   5555
643.5   5389
644.0   5688
644.5   5640
645.0   5535
645.5   6246
646.0   304
646.5   -348
647.0   448
647.5   17098
648.0   15048
648.5   10686
649.0   2358
649.5   -5067
650.0   -2410
650.5   12372
651.0   15271
651.5   11071
652.0   5996
652.5   4038
653.0   -629
653.5   -4962
654.0   8996
654.5   14100
655.0   11357
655.5   9434
656.0   5301
656.5   3682
657.0   2526
657.5   1663
658.0   3355
658.5   9299
659.0   8487
659.5   7024
660.0   4644
660.5   6258
661.0   5171
661.5   5197
662.0   4461
662.5   4886
663.0   2840
663.5   1209
664.0   2885
664.5   3237
665.0   3286
665.5   8001
666.0   10363
666.5   8233
667.0   3515
667.5   4080
668.0   3475
668.5   4689
669.0   4752
669.5   5189
670.0   3443
670.5   4422
671.0   4948
671.5   5153
672.0   5234
672.5   5087
673.0   5630
673.5   5575
674.0   -699
674.5   -496
675.0   11205
675.5   11227
676.0   8628
676.5   7701
677.0   7921
677.5   2471
678.0   -1570
678.5   144
679.0   7236
679.5   13766
680.0   10130
680.5   7688
681.0   7762
681.5   5618
682.0   -442
682.5   -731
683.0   5967
683.5   9224
684.0   7404
684.5   6588
685.0   7059
685.5   7824
686.0   4191
686.5   3238
687.0   3331
687.5   8119
688.0   7544
688.5   5764
689.0   5098
689.5   5183
690.0   5468
690.5   5239
691.0   3598
691.5   3796
692.0   4917
692.5   4925
693.0   4708
693.5   4827
694.0   3370
694.5   -624
695.0   -297
695.5   3669
696.0   10625
696.5   9702
697.0   9788
697.5   7425
698.0   1630
698.5   -2388
699.0   -1512
699.5   1919
700.0   12355
700.5   10238
701.0   6483
701.5   4400
702.0   5747
702.5   8132
703.0   7006
703.5   7254
704.0   1800
704.5   -797
705.0   2294
705.5   11200
706.0   8029
706.5   7400
707.0   6773
707.5   6146
708.0   6581
708.5   6211
709.0   6831
709.5   3268
710.0   2456
710.5   3559
711.0   4409
711.5   6695
712.0   6321
712.5   4052
713.0   7142
713.5   7696
714.0   6135
714.5   3362
715.0   4298
715.5   4892
716.0   4737
716.5   5048
717.0   5037
717.5   4685
718.0   5545
718.5   5809
719.0   4630
719.5   5550
720.0   7851
720.5   4663
721.0   3964
721.5   2737
722.0   4772
722.5   1369
723.0   -660
723.5   1403
724.0   2579
724.5   2629
725.0   3447
725.5   5911
726.0   6729
726.5   19536
727.0   17278
727.5   13141
728.0   10279
728.5   7482
729.0   2513
729.5   2476
730.0   4280
730.5   3813
731.0   3673
731.5   -1020
732.0   -2496
732.5   8339
733.0   7500
733.5   5879
734.0   6682
734.5   6835
735.0   5904
735.5   7178
736.0   8090
736.5   5907
737.0   6934
737.5   5993
738.0   2788
738.5   3718
739.0   6770
739.5   4492
740.0   5801
740.5   5791
741.0   3325
741.5   5949
742.0   3728
742.5   5292
743.0   5061
743.5   4357
744.0   4898
744.5   5751
745.0   3838
745.5   7372
746.0   7481
746.5   5558
747.0   6004
747.5   4256
748.0   4461
748.5   4695
749.0   5253
749.5   4878
750.0   5598
750.5   4794
751.0   5304
751.5   5337
752.0   4425
752.5   5548
753.0   3972
753.5   4360
754.0   4972
754.5   5061
755.0   5072
755.5   5284
756.0   6306
756.5   7320
757.0   5998
757.5   4821
758.0   5261
758.5   6512
759.0   5997
759.5   6494
760.0   6895
760.5   6298
761.0   5733
761.5   3431
762.0   -4774
762.5   -2853
763.0   2334
763.5   14965
764.0   14132
764.5   9499
765.0   -361
765.5   -3787
766.0   759
766.5   12846
767.0   14180
767.5   10015
768.0   6611
768.5   3219
769.0   -1208
769.5   -407
770.0   12759
770.5   11122
771.0   8060
771.5   6845
772.0   7188
772.5   5669
773.0   3933
773.5   3752
774.0   7715
774.5   6468
775.0   8013
775.5   6609
776.0   4526
776.5   3922
777.0   4965
777.5   2923
778.0   3551
778.5   3925
779.0   3220
779.5   4123
780.0   4201
780.5   5576
781.0   4621
781.5   5219
782.0   4841
782.5   5009
783.0   5618
783.5   7430
784.0   6333
784.5   5851
785.0   6542
785.5   6107
786.0   3980
786.5   6048
787.0   5731
787.5   4409
788.0   5160
788.5   4823
789.0   4140
789.5   4852
790.0   4549
790.5   4793
791.0   4688
791.5   5832
792.0   5570
792.5   6611
793.0   5443
793.5   5374
794.0   5521
794.5   4791
795.0   5057
795.5   5918
796.0   4807
796.5   6255
797.0   5978
797.5   3604
798.0   -931
798.5   -1395
799.0   9651
799.5   9491
800.0   8936
800.5   16947
801.0   14806
801.5   3597
802.0   -10077
802.5   -6495
803.0   9185
803.5   14309
804.0   10225
804.5   6396
805.0   6680
805.5   4029
806.0   3659
806.5   4467
807.0   6527
807.5   7456
808.0   8794
808.5   9166
809.0   7169
809.5   4914
810.0   5959
810.5   4535
811.0   2117
811.5   1876
812.0   2793
812.5   2960
813.0   3963
813.5   5062
814.0   5418
814.5   5318
815.0   4754
815.5   4791
816.0   5351
816.5   6516
817.0   5458
817.5   5282
818.0   6394
818.5   6465
819.0   7127
819.5   5598
820.0   4777
820.5   4760
821.0   6958
821.5   6525
822.0   6130
822.5   7015
823.0   4924
823.5   -5432
824.0   -2847
824.5   10450
825.0   9344
825.5   8913
826.0   9072
826.5   9958
827.0   4686
827.5   2679
828.0   3323
828.5   -1722
829.0   1350
829.5   10157
830.0   8075
830.5   8664
831.0   8470
831.5   8882
832.0   2991
832.5   3215
833.0   1983
833.5   4226
834.0   5167
834.5   9030
835.0   9133
835.5   5789
836.0   3934
836.5   5064
837.0   5666
837.5   4630
838.0   3610
838.5   4282
839.0   4239
839.5   3586
840.0   4868
840.5   3873
841.0   4806
841.5   5684
842.0   6033
842.5   5749
843.0   6277
843.5   5666
844.0   4517
844.5   5095
845.0   4248
845.5   4121
846.0   4635
846.5   5457
847.0   5760
847.5   5186
848.0   6189
848.5   6703
849.0   7612
849.5   6804
850.0   -2127
850.5   -5197
851.0   -1528
851.5   16618
852.0   13754
852.5   8952
853.0   8179
853.5   6096
854.0   -7492
854.5   -4015
855.0   14859
855.5   12535
856.0   10597
856.5   7460
857.0   4059
857.5   2768
858.0   -1740
858.5   8545
859.0   9189
859.5   6333
860.0   7290
860.5   7279
861.0   3088
861.5   3034
862.0   3239
862.5   4323
863.0   7250
863.5   8737
864.0   6348
864.5   7084
865.0   5499
865.5   3625
866.0   5709
866.5   6437
867.0   6344
867.5   6293
868.0   5025
868.5   4123
869.0   3149
869.5   5298
870.0   5178
870.5   5160
871.0   4901
871.5   5353
872.0   4465
872.5   5445
873.0   5763
873.5   5085
874.0   3950
874.5   5629
875.0   4503
875.5   5436
876.0   -6013
876.5   3233
877.0   10792
877.5   9507
878.0   6533
878.5   8411
879.0   5461
879.5   1153
880.0   -1982
880.5   1806
881.0   12769
881.5   8780
882.0   7095
882.5   7732
883.0   7076
883.5   5352
884.0   5275
884.5   4152
885.0   4386
885.5   4070
886.0   4028
886.5   3431
887.0   3576
887.5   3646
888.0   4199
888.5   5821
889.0   7427
889.5   7587
890.0   6791
890.5   5628
891.0   4707
891.5   5175
892.0   6124
892.5   4651
893.0   5084
893.5   4459
894.0   5091
894.5   5486
895.0   4546
895.5   4887
896.0   6178
896.5   7712
897.0   5533
897.5   4341
898.0   4231
898.5   4673
899.0   6134
899.5   4409
900.0   4975
900.5   5899
901.0   7150
901.5   5641
902.0   5082
902.5   5118
903.0   4725
903.5   7505
904.0   7950
904.5   7003
905.0   5546
905.5   5795
906.0   -3176
906.5   -1984
907.0   2799
907.5   14823
908.0   10071
908.5   6438
909.0   6509
909.5   -3145
910.0   -6715
910.5   -87
911.0   15053
911.5   12490
912.0   8613
912.5   8023
913.0   5320
913.5   -4110
914.0   1216
914.5   11104
915.0   8930
915.5   6433
916.0   5758
916.5   6860
917.0   7287
917.5   5244
918.0   4080
918.5   3661
919.0   4448
919.5   8389
920.0   6644
920.5   7044
921.0   5827
921.5   3544
922.0   5090
922.5   4911
923.0   6150
923.5   5312
924.0   5250
924.5   5682
925.0   4198
925.5   2997
926.0   5053
926.5   4725
927.0   3604
927.5   5762
928.0   5028
928.5   5250
929.0   5482
929.5   5961
930.0   4588
930.5   5179
931.0   6572
931.5   5521
932.0   4287
932.5   4044
933.0   5828
933.5   6148
934.0   5013
934.5   5965
935.0   6356
935.5   6224
936.0   -1906
936.5   -5745
937.0   3037
937.5   13555
938.0   11385
938.5   9833
939.0   7272
939.5   6607
940.0   3874
940.5   -6888
941.0   -945
941.5   8780
942.0   12982
942.5   10384
943.0   8548
943.5   6042
944.0   4353
944.5   3731
945.0   3918
945.5   4621
946.0   5027
946.5   7323
947.0   7086
947.5   5695
948.0   6138
948.5   5531
949.0   5979
949.5   5065
950.0   3648
950.5   5154
951.0   3616
951.5   6279
952.0   4634
952.5   4647
953.0   4881
953.5   4934
954.0   4504
954.5   4901
955.0   5921
955.5   4592
956.0   4679
956.5   4911
957.0   6607
957.5   4587
958.0   4873
958.5   4510
959.0   6662
959.5   5446
960.0   6270
960.5   6848
961.0   6708
961.5   4928
962.0   5930
962.5   6237
963.0   5313
963.5   6034
964.0   3670
964.5   -5495
965.0   -7203
965.5   1065
966.0   16789
966.5   13771
967.0   10099
967.5   5830
968.0   6604
968.5   2747
969.0   -8291
969.5   1327
970.0   14397
970.5   13246
971.0   9031
971.5   5982
972.0   6035
972.5   4210
973.0   5593
973.5   1736
974.0   4076
974.5   7368
975.0   4544
975.5   7446
976.0   8122
976.5   4485
977.0   3682
977.5   3832
978.0   5520
978.5   5477
979.0   6132
979.5   5476
980.0   5903
980.5   4707
981.0   5096
981.5   5790
982.0   6005
982.5   6332
983.0   4022
983.5   4551
984.0   5120
984.5   4898
985.0   5915
985.5   5274
986.0   4463
986.5   5362
987.0   5229
987.5   4792
988.0   4054
988.5   4594
989.0   6116
989.5   -2527
990.0   1014
990.5   10696
991.0   9155
991.5   3360
992.0   -3882
992.5   -3138
993.0   1857
993.5   17712
994.0   15367
994.5   10577
995.0   6466
995.5   6882
996.0   5848
996.5   774
997.0   -4767
997.5   7885
998.0   10605
998.5   8494
999.0   7199
999.5   5988
1000.0  6765
1000.5  6400
1001.0  4161
1001.5  4321
1002.0  4707
1002.5  5396
1003.0  6058
1003.5  5863
1004.0  7424
1004.5  6712
1005.0  4364
1005.5  3902
1006.0  4391
1006.5  3754
1007.0  4383
1007.5  3082
1008.0  3242
1008.5  3726
1009.0  3673
1009.5  5573
1010.0  7114
1010.5  4927
1011.0  5342
1011.5  4159
1012.0  5091
1012.5  5005
1013.0  4682
1013.5  5413
1014.0  6200
1014.5  5815
1015.0  6897
1015.5  5735
1016.0  4760
1016.5  4750
1017.0  4999
1017.5  5926
1018.0  5604
1018.5  5386
1019.0  5854
1019.5  6972
1020.0  6989
1020.5  6780
1021.0  1380
1021.5  -5462
1022.0  -1975
1022.5  7485
1023.0  12553
1023.5  13031
1024.0  17247
1024.5  12586
1025.0  2529
1025.5  -9355
1026.0  -5641
1026.5  11987
1027.0  14423
1027.5  11082
1028.0  8454
1028.5  6303
1029.0  4798
1029.5  -3033
1030.0  -2375
1030.5  7769
1031.0  10320
1031.5  9010
1032.0  8115
1032.5  7797
1033.0  11770
1033.5  12924
1034.0  4086
1034.5  1484
1035.0  -4813
1035.5  2307
1036.0  9076
1036.5  12391
1037.0  11401
1037.5  9145
1038.0  3821
1038.5  1761
1039.0  1779
1039.5  -1017
1040.0  768
1040.5  2126
1041.0  2715
1041.5  5457
1042.0  7274
1042.5  3187
1043.0  1290
1043.5  2771
1044.0  3105
1044.5  4593
1045.0  4507
1045.5  6740
1046.0  7083
1046.5  5568
1047.0  7004
1047.5  5034
1048.0  6384
1048.5  4283
1049.0  5687
1049.5  4611
1050.0  4817
1050.5  6852
1051.0  7196
1051.5  6649
1052.0  5382
1052.5  5889
1053.0  6003
1053.5  5522
1054.0  6718
1054.5  5919
1055.0  4631
1055.5  4280
1056.0  4834
1056.5  5002
1057.0  5832
1057.5  7195
1058.0  7101
1058.5  5503
1059.0  4673
1059.5  6466
1060.0  3934
1060.5  4996
1061.0  4081
1061.5  5620
1062.0  3937
1062.5  4274
1063.0  5404
1063.5  6894
1064.0  7723
1064.5  6331
1065.0  4443
1065.5  3399
1066.0  1762
1066.5  -970
1067.0  10938
1067.5  13022
1068.0  9984
1068.5  7852
1069.0  -2229
1069.5  -8638
1070.0  -2518
1070.5  8973
1071.0  32740
1071.5  8878
1072.0  1568
1072.5  -1907
1073.0  1926
1073.5  1868
1074.0  -11177
1074.5  -6818
1075.0  10039
1075.5  9766
1076.0  8747
1076.5  8855
1077.0  8745
1077.5  6929
1078.0  8283
1078.5  10386
1079.0  6763
1079.5  5823
1080.0  6433
1080.5  4191
1081.0  3191
1081.5  4251
1082.0  1876
1082.5  5180
1083.0  5931
1083.5  4191
1084.0  3460
1084.5  6739
1085.0  6862
1085.5  6047
1086.0  4838
1086.5  5120
1087.0  5867
1087.5  5689
1088.0  6073
1088.5  4119
1089.0  6221
1089.5  5950
1090.0  5719
1090.5  4293
1091.0  6720
1091.5  5819
1092.0  6978
1092.5  4999
1093.0  4893
1093.5  6374
1094.0  4109
1094.5  5091
1095.0  5747
1095.5  6050
1096.0  6190
1096.5  5378
1097.0  3284
1097.5  5471
1098.0  4665
1098.5  4840
1099.0  5880
1099.5  4871
1100.0  6513
1100.5  5743
1101.0  3829
1101.5  4743
1102.0  4844
1102.5  5151
1103.0  6856
1103.5  6185
1104.0  5045
1104.5  6441
1105.0  6642
1105.5  5472
1106.0  5115
1106.5  6031
1107.0  5659
1107.5  -12489
1108.0  10285
1108.5  9466
1109.0  7071
1109.5  8098
1110.0  -8003
1110.5  -9636
1111.0  -3822
1111.5  17162
1112.0  20903
1112.5  15593
1113.0  9478
1113.5  1409
1114.0  -6061
1114.5  -401
1115.0  15537
1115.5  11724
1116.0  8924
1116.5  8308
1117.0  10161
1117.5  8456
1118.0  6892
1118.5  -5962
1119.0  -1608
1119.5  9250
1120.0  8072
1120.5  7792
1121.0  8475
1121.5  7453
1122.0  4845
1122.5  4897
1123.0  3524
1123.5  6270
1124.0  5673
1124.5  5910
1125.0  3210
1125.5  1825
1126.0  3533
1126.5  6325
1127.0  4958
1127.5  5872
1128.0  5324
1128.5  4934
1129.0  4792
1129.5  5342
1130.0  5642
1130.5  3731
1131.0  4925
1131.5  5054
1132.0  5004
1132.5  6628
1133.0  4619
1133.5  7596
1134.0  6529
1134.5  4794
1135.0  4789
1135.5  5415
1136.0  4272
1136.5  6068
1137.0  4035
1137.5  5542
1138.0  5004
1138.5  4279
1139.0  6532
1139.5  5622
1140.0  5119
1140.5  4896
1141.0  6186
1141.5  4344
1142.0  5463
1142.5  5594
1143.0  5018
1143.5  4778
1144.0  5274
1144.5  4407
1145.0  4202
1145.5  4289
1146.0  4193
1146.5  4609
1147.0  5373
1147.5  5978
1148.0  6721
1148.5  7088
1149.0  6153
1149.5  6080
1150.0  6317
1150.5  4587
1151.0  3900
1151.5  4091
1152.0  5906
1152.5  5034
1153.0  7601
1153.5  6586
1154.0  4703
1154.5  -7935
1155.0  -5462
1155.5  1177
1156.0  16077
1156.5  11218
1157.0  12697
1157.5  5711
1158.0  -8594
1158.5  -2802
1159.0  5090
1159.5  16735
1160.0  13627
1160.5  9194
1161.0  7046
1161.5  6101
1162.0  5003
1162.5  -4592
1163.0  10087
1163.5  9318
1164.0  8438
1164.5  8616
1165.0  9477
1165.5  7998
1166.0  8710
1166.5  8116
1167.0  6126
1167.5  4241
1168.0  3380
1168.5  3810
1169.0  2427
1169.5  3996
1170.0  3643
1170.5  3310
1171.0  4579
1171.5  5564
1172.0  5402
1172.5  4694
1173.0  4743
1173.5  3867
1174.0  2977
1174.5  5917
1175.0  5798
1175.5  4740
1176.0  4907
1176.5  5642
1177.0  5693
1177.5  6393
1178.0  4450
1178.5  4209
1179.0  5339
1179.5  5186
1180.0  4814
1180.5  4882
1181.0  6767
1181.5  5095
1182.0  6348
1182.5  7102
1183.0  6234
1183.5  6016
1184.0  4202
1184.5  4415
1185.0  6757
1185.5  6383
1186.0  5619
1186.5  5304
1187.0  5051
1187.5  5424
1188.0  5803
1188.5  5491
1189.0  5839
1189.5  3611
1190.0  3501
1190.5  4804
1191.0  3928
1191.5  4939
1192.0  5345
1192.5  6370
1193.0  8467
1193.5  5334
1194.0  4307
1194.5  4469
1195.0  5175
1195.5  6690
1196.0  7392
1196.5  6168
1197.0  5040
1197.5  6005
1198.0  5805
1198.5  5063
1199.0  3771
1199.5  5256
1200.0  6573
1200.5  7341
1201.0  -6248
1201.5  -5394
1202.0  290
1202.5  16165
1203.0  12116
1203.5  2500
1204.0  -5830
1204.5  1021
1205.0  15008
1205.5  10860
1206.0  8804
1206.5  2608
1207.0  -7702
1207.5  4582
1208.0  15290
1208.5  11277
1209.0  9474
1209.5  9165
1210.0  5664
1210.5  -4108
1211.0  3763
1211.5  10048
1212.0  8709
1212.5  8916
1213.0  7975
1213.5  8602
1214.0  7443
1214.5  8201
1215.0  4776
1215.5  4382
1216.0  3099
1216.5  3256
1217.0  3439
1217.5  5195
1218.0  4781
1218.5  5007
1219.0  4951
1219.5  4584
1220.0  4948
1220.5  3482
1221.0  5244
1221.5  5072
1222.0  3610
1222.5  5099
1223.0  5419
1223.5  6817
1224.0  6075
1224.5  5947
1225.0  3464
1225.5  3557
1226.0  5244
1226.5  4354
1227.0  6685
1227.5  4415
1228.0  6603
1228.5  4627
1229.0  4564
1229.5  3744
1230.0  4044
1230.5  4242
1231.0  6135
1231.5  4721
1232.0  5081
1232.5  4877
1233.0  5204
1233.5  5374
1234.0  5251
1234.5  5965
1235.0  7737
1235.5  7023
1236.0  6087
1236.5  6543
1237.0  5004
1237.5  7426
1238.0  6305
1238.5  5734
1239.0  4818
1239.5  5315
1240.0  4841
1240.5  5309
1241.0  5630
1241.5  2345
1242.0  -7098
1242.5  -5314
1243.0  11571
1243.5  13300
1244.0  11319
1244.5  8180
1245.0  6636
1245.5  6081
1246.0  -2482
1246.5  -3935
1247.0  6374
1247.5  11043
1248.0  10699
1248.5  8680
1249.0  7823
1249.5  4460
1250.0  -2432
1250.5  -1731
1251.0  7247
1251.5  9054
1252.0  10163
1252.5  9863
1253.0  7311
1253.5  6706
1254.0  5235
1254.5  4552
1255.0  2964
1255.5  2064
1256.0  1747
1256.5  6037
1257.0  7468
1257.5  7391
1258.0  7025
1258.5  6736
1259.0  5648
1259.5  6048
1260.0  5743
1260.5  5867
1261.0  4933
1261.5  3304
1262.0  9390
1262.5  8410
1263.0  6890
1263.5  7134
1264.0  7364
1264.5  5341
1265.0  4181
1265.5  3718
1266.0  900
1266.5  3984
1267.0  3388
1267.5  2676
1268.0  2140
1268.5  2087
1269.0  3380
1269.5  2493
1270.0  2078
1270.5  2608
1271.0  3831
1271.5  3214
1272.0  4127
1272.5  5841
1273.0  6913
1273.5  6391
1274.0  6390
1274.5  5256
1275.0  7079
1275.5  6630
1276.0  6957
1276.5  7130
1277.0  5953
1277.5  6829
1278.0  6253
1278.5  6021
1279.0  7272
1279.5  6762
1280.0  6141
1280.5  6280
1281.0  5394
1281.5  4890
1282.0  3919
1282.5  3157
1283.0  6802
1283.5  6665
1284.0  1875
1284.5  -142
1285.0  1211
1285.5  16966
1286.0  11965
1286.5  10041
1287.0  7448
1287.5  6572
1288.0  2278
1288.5  -1057
1289.0  -1445
1289.5  19214
1290.0  14252
1290.5  5002
1291.0  638
1291.5  -688
1292.0  856
1292.5  1307
1293.0  6229
1293.5  4516
1294.0  3535
1294.5  3237
1295.0  4402
1295.5  6180
1296.0  7039
1296.5  5851
1297.0  7098
1297.5  5944
1298.0  5968
1298.5  6057
1299.0  6064
1299.5  4977
1300.0  6433
1300.5  6023
1301.0  5225
1301.5  4290
1302.0  6152
1302.5  5107
1303.0  6169
1303.5  5903
1304.0  5206
1304.5  5420
1305.0  4983
1305.5  5257
1306.0  4251
1306.5  5097
1307.0  5562
1307.5  4843
1308.0  5127
1308.5  5395
1309.0  5395
1309.5  5343
1310.0  6275
1310.5  5258
1311.0  5462
1311.5  5479
1312.0  6142
1312.5  6067
1313.0  4980
1313.5  1731
1314.0  -463
1314.5  2335
1315.0  23349
1315.5  11735
1316.0  9089
1316.5  6056
1317.0  6511
1317.5  1088
1318.0  -2306
1318.5  -2858
1319.0  -2
1319.5  9073
1320.0  8278
1320.5  9402
1321.0  10686
1321.5  4805
1322.0  2721
1322.5  1458
1323.0  4139
1323.5  4013
1324.0  4554
1324.5  5560
1325.0  5559
1325.5  11483
1326.0  8741
1326.5  10713
1327.0  1789
1327.5  466
1328.0  -17
1328.5  2008
1329.0  3294
1329.5  4382
1330.0  5940
1330.5  4851
1331.0  4875
1331.5  5046
1332.0  5506
1332.5  5484
1333.0  6494
1333.5  5978
1334.0  5541
1334.5  5092
1335.0  5521
1335.5  5579
1336.0  6043
1336.5  6212
1337.0  5744
1337.5  6177
1338.0  5878
1338.5  6065
1339.0  7073
1339.5  6087
1340.0  4456
1340.5  4484
1341.0  5897
1341.5  6713
1342.0  6451
1342.5  5175
1343.0  6173
1343.5  5209
1344.0  5753
1344.5  5899
1345.0  5539
1345.5  4809
1346.0  6176
1346.5  4423
1347.0  4904
1347.5  5101
1348.0  4245
1348.5  4870
1349.0  5078
1349.5  4548
1350.0  5346
1350.5  4116
1351.0  16236
1351.5  7950
1352.0  538
1352.5  -5707
1353.0  -4008
1353.5  6702
1354.0  6701
1354.5  11700
1355.0  10711
1355.5  5719
1356.0  -5621
1356.5  -2845
1357.0  5326
1357.5  14843
1358.0  12773
1358.5  8245
1359.0  6775
1359.5  4775
1360.0  -2576
1360.5  -214
1361.0  7217
1361.5  8664
1362.0  8896
1362.5  7854
1363.0  6608
1363.5  6350
1364.0  6216
1364.5  6652
1365.0  6913
1365.5  5803
1366.0  5546
1366.5  3800
1367.0  6035
1367.5  5705
1368.0  6029
1368.5  4989
1369.0  5573
1369.5  5928
1370.0  6276
1370.5  6631
1371.0  9606
1371.5  9272
1372.0  7771
1372.5  5836
1373.0  4046
1373.5  -172
1374.0  3566
1374.5  1525
1375.0  2068
1375.5  2277
1376.0  3043
1376.5  3795
1377.0  6177
1377.5  5960
1378.0  4834
1378.5  6678
1379.0  6770
1379.5  5782
1380.0  6358
1380.5  6188
1381.0  5348
1381.5  5418
1382.0  6033
1382.5  4481
1383.0  5188
1383.5  4414
1384.0  5683
1384.5  4934
1385.0  5974
1385.5  5509
1386.0  4261
1386.5  5904
1387.0  6504
1387.5  5612
1388.0  5296
1388.5  5373
1389.0  6454
1389.5  5509
1390.0  6027
1390.5  4685
1391.0  5439
1391.5  5269
1392.0  5555
1392.5  4532
1393.0  4591
1393.5  5182
1394.0  5580
1394.5  4650
1395.0  5877
1395.5  5775
1396.0  4592
1396.5  3903
1397.0  4776
1397.5  5440
1398.0  6457
1398.5  5371
1399.0  5166
1399.5  14537
1400.0  8821
1400.5  -4195
1401.0  -7707
1401.5  -2802
1402.0  1398
1402.5  14669
1403.0  14588
1403.5  9744
1404.0  5384
1404.5  -9080
1405.0  -4884
1405.5  10688
1406.0  12004
1406.5  10048
1407.0  8431
1407.5  7740
1408.0  5705
1408.5  -1048
1409.0  2949
1409.5  8106
1410.0  9113
1410.5  8009
1411.0  7432
1411.5  7406
1412.0  6952
1412.5  7687
1413.0  7266
1413.5  6659
1414.0  5792
1414.5  7618
1415.0  3340
1415.5  2505
1416.0  3482
1416.5  2795
1417.0  2700
1417.5  3727
1418.0  5410
1418.5  6064
1419.0  6193
1419.5  5301
1420.0  6161
1420.5  7065
1421.0  5827
1421.5  4602
1422.0  5145
1422.5  5475
1423.0  5075
1423.5  5051
1424.0  4372
1424.5  4718
1425.0  5922
1425.5  5316
1426.0  5652
1426.5  5387
1427.0  5025
1427.5  5038
1428.0  5979
1428.5  5982
1429.0  4715
1429.5  5198
1430.0  5629
1430.5  5300
1431.0  5655
1431.5  5544
1432.0  4097
1432.5  4478
1433.0  6496
1433.5  4919
1434.0  5759
1434.5  5672
1435.0  5119
1435.5  4432
1436.0  5208
1436.5  4157
1437.0  4610
1437.5  6134
1438.0  5103
1438.5  6223
1439.0  5311
1439.5  4600
1440.0  4708
1440.5  4409
1441.0  5586
1441.5  6499
1442.0  6501
1442.5  5884
1443.0  5173
1443.5  5793
1444.0  4416
1444.5  5541
1445.0  3680
1445.5  -941
1446.0  1128
1446.5  28058
1447.0  10461
1447.5  5287
1448.0  2922
1448.5  1877
1449.0  -9680
1449.5  -7300
1450.0  10078
1450.5  11707
1451.0  9761
1451.5  6645
1452.0  615
1452.5  -2684
1453.0  1611
1453.5  8511
1454.0  10061
1454.5  9666
1455.0  8476
1455.5  8694
1456.0  6572
1456.5  5097
1457.0  5712
1457.5  4884
1458.0  4900
1458.5  4827
1459.0  2888
1459.5  5520
1460.0  7431
1460.5  6434
1461.0  5480
1461.5  5742
1462.0  5639
1462.5  5349
1463.0  3855
1463.5  5528
1464.0  6492
1464.5  4319
1465.0  5096
1465.5  4644
1466.0  2752
1466.5  3703
1467.0  4907
1467.5  5911
1468.0  6616
1468.5  6042
1469.0  5175
1469.5  4352
1470.0  4249
1470.5  5580
1471.0  5024
1471.5  5144
1472.0  5976
1472.5  5977
1473.0  6083
1473.5  5821
1474.0  5849
1474.5  5706
1475.0  5916
1475.5  6263
1476.0  6161
1476.5  5750
1477.0  4966
1477.5  4849
1478.0  4203
1478.5  4202
1479.0  5483
1479.5  5749
1480.0  5383
1480.5  5388
1481.0  5445
1481.5  6657
1482.0  4449
1482.5  5829
1483.0  5286
1483.5  5162
1484.0  5443
1484.5  5625
1485.0  5023
1485.5  6155
1486.0  4316
1486.5  6091
1487.0  5677
1487.5  4950
1488.0  5986
1488.5  3673
1489.0  2574
1489.5  369
1490.0  1322
1490.5  23109
1491.0  14740
1491.5  5393
1492.0  2195
1492.5  -2814
1493.0  -4546
1493.5  6814
1494.0  14647
1494.5  9250
1495.0  15059
1495.5  4401
1496.0  -4364
1496.5  -6093
1497.0  -2742
1497.5  12700
1498.0  9799
1498.5  8909
1499.0  7046
1499.5  3335
1500.0  3095
1500.5  288
1501.0  -14
1501.5  2799
1502.0  3408
1502.5  4852
1503.0  10163
1503.5  5042
1504.0  9108
1504.5  6511
1505.0  12776
1505.5  2434
1506.0  59
1506.5  1809
1507.0  3144
1507.5  3748
1508.0  4887
1508.5  7663
1509.0  5668
1509.5  7414
1510.0  7823
1510.5  6354
1511.0  6689
1511.5  6057
1512.0  6827
1512.5  6393
1513.0  4682
1513.5  3932
1514.0  4738
1514.5  4820
1515.0  6074
1515.5  5167
1516.0  6424
1516.5  5951
1517.0  6111
1517.5  6385
1518.0  6197
1518.5  4958
1519.0  5763
1519.5  5191
1520.0  5652
1520.5  5239
1521.0  6176
1521.5  5633
1522.0  5738
1522.5  5080
1523.0  4936
1523.5  5373
1524.0  4862
1524.5  4954
1525.0  4448
1525.5  4396
1526.0  4731
1526.5  4694
1527.0  15788
1527.5  13524
1528.0  12903
1528.5  2025
1529.0  -3706
1529.5  -4866
1530.0  -2789
1530.5  8360
1531.0  19720
1531.5  9052
1532.0  4009
1532.5  499
1533.0  -801
1533.5  -5157
1534.0  -674
1534.5  16200
1535.0  22677
1535.5  15564
1536.0  8319
1536.5  -273
1537.0  -2398
1537.5  -1629
1538.0  5693
1538.5  6321
1539.0  9068
1539.5  5678
1540.0  260
1540.5  -1256
1541.0  399
1541.5  8107
1542.0  4231
1542.5  7807
1543.0  10969
1543.5  9467
1544.0  10779
1544.5  9668
1545.0  9313
1545.5  7412
1546.0  7619
1546.5  5835
1547.0  4591
1547.5  1779
1548.0  3479
1548.5  5306
1549.0  3220
1549.5  1593
1550.0  5142
1550.5  -130
1551.0  2666
1551.5  -382
1552.0  -849
1552.5  284
1553.0  1349
1553.5  2769
1554.0  5109
1554.5  5887
1555.0  7047
1555.5  7113
1556.0  6955
1556.5  7490
1557.0  7749
1557.5  8631
1558.0  7749
1558.5  7374
1559.0  5484
1559.5  6466
1560.0  6114
1560.5  5830
1561.0  5874
1561.5  7388
1562.0  6472
1562.5  6361
1563.0  5843
1563.5  6675
1564.0  6545
1564.5  6116
1565.0  7225
1565.5  6639
1566.0  6063
1566.5  5252
1567.0  5061
1567.5  10293
1568.0  12459
1568.5  9630
1569.0  -127
1569.5  -417
1570.0  -1073
1570.5  -522
1571.0  9403
1571.5  20269
1572.0  6891
1572.5  1488
1573.0  -720
1573.5  -2805
1574.0  -3514
1574.5  5140
1575.0  20837
1575.5  14864
1576.0  8244
1576.5  -337
1577.0  -1339
1577.5  -4063
1578.0  5025
1578.5  12144
1579.0  8960
1579.5  7304
1580.0  7950
1580.5  4938
1581.0  -986
1581.5  732
1582.0  4956
1582.5  3981
1583.0  4424
1583.5  6346
1584.0  3550
1584.5  4792
1585.0  5407
1585.5  3820
1586.0  5312
1586.5  5632
1587.0  5276
1587.5  6370
1588.0  6496
1588.5  7189
1589.0  5337
1589.5  5256
1590.0  5620
1590.5  4792
1591.0  5554
1591.5  5395
1592.0  5411
1592.5  5583
1593.0  5922
1593.5  7218
1594.0  6371
1594.5  5617
1595.0  5663
1595.5  5206
1596.0  6351
1596.5  5413
1597.0  5236
1597.5  5262
1598.0  6301
1598.5  5235
1599.0  5862
1599.5  4492
1600.0  3806
1600.5  4090
1601.0  4966
1601.5  5652
1602.0  5610
1602.5  5517
1603.0  4995
1603.5  6103
1604.0  5697
1604.5  5253
1605.0  5454
1605.5  5559
1606.0  6476
1606.5  5442
1607.0  5145
1607.5  5107
1608.0  5200
1608.5  6251
1609.0  6273
1609.5  5979
1610.0  3726
1610.5  -713
1611.0  187
1611.5  9926
1612.0  11250
1612.5  9414
1613.0  7126
1613.5  -717
1614.0  -3268
1614.5  367
1615.0  3903
1615.5  14715
1616.0  14219
1616.5  10786
1617.0  6831
1617.5  4285
1618.0  4322
1618.5  8491
1619.0  -355
1619.5  -2578
1620.0  4580
1620.5  7638
1621.0  7858
1621.5  6288
1622.0  5407
1622.5  5556
1623.0  7105
1623.5  10927
1624.0  7684
1624.5  5315
1625.0  2176
1625.5  2616
1626.0  3373
1626.5  2891
1627.0  2821
1627.5  3456
1628.0  4817
1628.5  6460
1629.0  6445
1629.5  7425
1630.0  4794
1630.5  6215
1631.0  5193
1631.5  5400
1632.0  5427
1632.5  7306
1633.0  5222
1633.5  4608
1634.0  5514
1634.5  6129
1635.0  5823
1635.5  5574
1636.0  5087
1636.5  5321
1637.0  4687
1637.5  4630
1638.0  5730
1638.5  6452
1639.0  6440
1639.5  6459
1640.0  4516
1640.5  5781
1641.0  6391
1641.5  6264
1642.0  4055
1642.5  4292
1643.0  5068
1643.5  6068
1644.0  5251
1644.5  5639
1645.0  4148
1645.5  4430
1646.0  5678
1646.5  4994
1647.0  5586
1647.5  5808
1648.0  6388
1648.5  4529
1649.0  4118
1649.5  4175
1650.0  5272
1650.5  6127
1651.0  5818
1651.5  5946
1652.0  6352
1652.5  6660
1653.0  4343
1653.5  2681
1654.0  -794
1654.5  458
1655.0  8394
1655.5  12457
1656.0  9549
1656.5  4904
1657.0  -2087
1657.5  -560
1658.0  2551
1658.5  12724
1659.0  12158
1659.5  9444
1660.0  7090
1660.5  -115
1661.0  -1521
1661.5  3698
1662.0  10775
1662.5  9421
1663.0  7425
1663.5  6773
1664.0  7592
1664.5  4606
1665.0  -878
1665.5  1651
1666.0  7593
1666.5  8748
1667.0  8651
1667.5  7722
1668.0  6761
1668.5  5534
1669.0  4754
1669.5  5489
1670.0  9424
1670.5  7111
1671.0  4854
1671.5  2826
1672.0  3569
1672.5  3899
1673.0  3373
1673.5  3114
1674.0  3341
1674.5  4447
1675.0  5650
1675.5  6612
1676.0  7253
1676.5  7583
1677.0  7451
1677.5  6223
1678.0  5592
1678.5  5754
1679.0  3486
1679.5  3290
1680.0  3732
1680.5  4613
1681.0  4976
1681.5  5574
1682.0  5146
1682.5  5117
1683.0  5632
1683.5  4476
1684.0  4700
1684.5  5814
1685.0  4531
1685.5  4918
1686.0  5705
1686.5  5547
1687.0  5216
1687.5  4556
1688.0  4849
1688.5  5724
1689.0  5169
1689.5  5044
1690.0  5515
1690.5  6323
1691.0  4836
1691.5  6282
1692.0  5462
1692.5  6372
1693.0  5789
1693.5  5029
1694.0  5887
1694.5  4522
1695.0  4655
1695.5  5108
1696.0  1208
1696.5  -759
1697.0  1638
1697.5  8133
1698.0  8337
1698.5  7572
1699.0  11892
1699.5  9070
1700.0  2140
1700.5  -1093
1701.0  1163
1701.5  31542
1702.0  12299
1702.5  6762
1703.0  1651
1703.5  -2412
1704.0  -6876
1704.5  -1058
1705.0  12320
1705.5  9989
1706.0  9695
1706.5  7696
1707.0  5138
1707.5  -349
1708.0  -3907
1708.5  -1949
1709.0  6997
1709.5  8954
1710.0  10122
1710.5  6108
1711.0  2377
1711.5  2238
1712.0  1744
1712.5  2114
1713.0  3197
1713.5  3980
1714.0  5076
1714.5  4772
1715.0  4611
1715.5  5171
1716.0  7435
1716.5  5871
1717.0  5927
1717.5  6604
1718.0  6608
1718.5  6300
1719.0  7366
1719.5  6864
1720.0  6972
1720.5  6530
1721.0  5787
1721.5  5921
1722.0  6008
1722.5  6163
1723.0  5519
1723.5  5265
1724.0  6372
1724.5  5360
1725.0  4941
1725.5  5257
1726.0  4864
1726.5  4720
1727.0  5070
1727.5  6068
1728.0  5534
1728.5  5827
1729.0  6312
1729.5  6907
1730.0  5769
1730.5  5363
1731.0  5740
1731.5  4842
1732.0  4742
1732.5  4742
1733.0  5319
1733.5  5859
1734.0  5283
1734.5  4951
1735.0  5069
1735.5  5577
1736.0  6499
1736.5  6054
1737.0  4277
1737.5  4541
1738.0  5566
1738.5  4931
1739.0  4258
1739.5  4265
1740.0  4993
1740.5  5297
1741.0  5301
1741.5  13371
1742.0  4188
1742.5  -267
1743.0  -1849
1743.5  4682
1744.0  12852
1744.5  10733
1745.0  5446
1745.5  6114
1746.0  5642
1746.5  -9034
1747.0  -3556
1747.5  11077
1748.0  14424
1748.5  10905
1749.0  6761
1749.5  499
1750.0  -1731
1750.5  3247
1751.0  10731
1751.5  8017
1752.0  7403
1752.5  6765
1753.0  6604
1753.5  5447
1754.0  3910
1754.5  4283
1755.0  5080
1755.5  8748
1756.0  6689
1756.5  5751
1757.0  3057
1757.5  3152
1758.0  3783
1758.5  4153
1759.0  5701
1759.5  5190
1760.0  5199
1760.5  4963
1761.0  5048
1761.5  6208
1762.0  5419
1762.5  5080
1763.0  5752
1763.5  6277
1764.0  6426
1764.5  6835
1765.0  6617
1765.5  6820
1766.0  6870
1766.5  5108
1767.0  5054
1767.5  5588
1768.0  5040
1768.5  4937
1769.0  4758
1769.5  4839
1770.0  4734
1770.5  5134
1771.0  5092
1771.5  5358
1772.0  4545
1772.5  4512
1773.0  4998
1773.5  4388
1774.0  4361
1774.5  4246
1775.0  4645
1775.5  5668
1776.0  4832
1776.5  4608
1777.0  4662
1777.5  5315
1778.0  6778
1778.5  6353
1779.0  6423
1779.5  6171
1780.0  5540
1780.5  5679
1781.0  5048
1781.5  4621
1782.0  5098
1782.5  2560
1783.0  455
1783.5  8751
1784.0  8697
1784.5  1358
1785.0  541
1785.5  1186
1786.0  7197
1786.5  12685
1787.0  11384
1787.5  9421
1788.0  7225
1788.5  6047
1789.0  6645
1789.5  2380
1790.0  -2268
1790.5  3586
1791.0  14586
1791.5  11058
1792.0  6754
1792.5  5155
1793.0  3975
1793.5  -49
1794.0  -1521
1794.5  7018
1795.0  7924
1795.5  8017
1796.0  7879
1796.5  6209
1797.0  6675
1797.5  5560
1798.0  8952
1798.5  11827
1799.0  9622
1799.5  6882
1800.0  6139
1800.5  4163
1801.0  3410
1801.5  4174
1802.0  3628
1802.5  4015
1803.0  3988
1803.5  3523
1804.0  2509
1804.5  3330
1805.0  3686
1805.5  5495
1806.0  5804
1806.5  6278
1807.0  5002
1807.5  5167
1808.0  5737
1808.5  5293
1809.0  3846
1809.5  3982
1810.0  3703
1810.5  -4179
1811.0  -4534
1811.5  -1105
1812.0  3378
1812.5  5656
1813.0  6956
1813.5  6481
1814.0  6473
1814.5  6953
1815.0  8084
1815.5  6905
1816.0  7213
1816.5  6942
1817.0  6640
1817.5  7716
1818.0  7322
1818.5  6875
1819.0  7376
1819.5  6411
1820.0  6403
1820.5  5840
1821.0  4974
1821.5  5852
1822.0  6876
1822.5  6019
1823.0  6525
1823.5  5403
1824.0  4555
1824.5  5518
1825.0  5439
1825.5  5832
1826.0  5482
1826.5  5678
1827.0  6443
1827.5  5975
1828.0  4959
1828.5  4383
1829.0  4885
1829.5  4659
1830.0  9776
1830.5  6598
1831.0  3325
1831.5  -4833
1832.0  -2601
1832.5  5958
1833.0  8300
1833.5  7914
1834.0  13695
1834.5  11672
1835.0  5040
1835.5  -7347
1836.0  -1828
1836.5  11910
1837.0  11201
1837.5  7433
1838.0  6868
1838.5  4791
1839.0  -2066
1839.5  2585
1840.0  12005
1840.5  9411
1841.0  7382
1841.5  8185
1842.0  6167
1842.5  8119
1843.0  6790
1843.5  5923
1844.0  3961
1844.5  1546
1845.0  148
1845.5  2610
1846.0  7606
1846.5  8339
1847.0  7221
1847.5  5738
1848.0  5476
1848.5  5068
1849.0  4246
1849.5  3023
1850.0  3941
1850.5  4714
1851.0  5235
1851.5  5241
1852.0  5898
1852.5  6654
1853.0  5138
1853.5  4970
1854.0  5253
1854.5  6589
1855.0  7187
1855.5  6695
1856.0  6145
1856.5  4481
1857.0  5706
1857.5  5644
1858.0  5726
1858.5  4763
1859.0  5972
1859.5  4975
1860.0  4639
1860.5  4587
1861.0  5546
1861.5  5351
1862.0  3948
1862.5  4153
1863.0  4240
1863.5  5581
1864.0  4796
1864.5  6254
1865.0  5075
1865.5  4759
1866.0  4835
1866.5  4786
1867.0  5352
1867.5  6688
1868.0  5438
1868.5  5736
1869.0  5945
1869.5  5060
1870.0  4776
1870.5  5084
1871.0  5440
1871.5  6560
1872.0  5357
1872.5  4803
1873.0  4780
1873.5  5267
1874.0  5618
1874.5  4972
1875.0  4980
1875.5  5246
1876.0  5551
1876.5  5191
1877.0  4968
1877.5  4713
1878.0  1816
1878.5  8786
1879.0  7036
1879.5  -1154
1880.0  680
1880.5  4260
1881.0  14475
1881.5  11060
1882.0  8801
1882.5  6307
1883.0  -3777
1883.5  -2481
1884.0  10486
1884.5  12566
1885.0  9781
1885.5  9739
1886.0  3623
1886.5  1137
1887.0  -1886
1887.5  10692
1888.0  8557
1888.5  7545
1889.0  8178
1889.5  8396
1890.0  8030
1890.5  6473
1891.0  4140
1891.5  2608
1892.0  2984
1892.5  4119
1893.0  5349
1893.5  7187
1894.0  6792
1894.5  4995
1895.0  5849
1895.5  4308
1896.0  3526
1896.5  4065
1897.0  4091
1897.5  3863
1898.0  4059
1898.5  5273
1899.0  6695
1899.5  6838
1900.0  6660
1900.5  5063
1901.0  5054
1901.5  4903
1902.0  4760
1902.5  4719
1903.0  5365
1903.5  4811
1904.0  5479
1904.5  5141
1905.0  5129
1905.5  4410
1906.0  5302
1906.5  4822
1907.0  4861
1907.5  4564
1908.0  6164
1908.5  4901
1909.0  4794
1909.5  4888
1910.0  5527
1910.5  5191
1911.0  5000
1911.5  5256
1912.0  6509
1912.5  5537
1913.0  5409
1913.5  5287
1914.0  5275
1914.5  5478
1915.0  5319
1915.5  5324
1916.0  5709
1916.5  5325
1917.0  5757
1917.5  6426
1918.0  5762
1918.5  5200
1919.0  4819
1919.5  6368
1920.0  5292
1920.5  5260
1921.0  6773
1921.5  5254
1922.0  4985
1922.5  5825
1923.0  4852
1923.5  4865
1924.0  5063
1924.5  4028
1925.0  617
1925.5  63
1926.0  21128
1926.5  15129
1927.0  9759
1927.5  5501
1928.0  -6098
1928.5  -7686
1929.0  -3287
1929.5  9276
1930.0  10204
1930.5  11154
1931.0  7946
1931.5  5899
1932.0  1991
1932.5  -3998
1933.0  1644
1933.5  7549
1934.0  6862
1934.5  7210
1935.0  8587
1935.5  12144
1936.0  10193
1936.5  11222
1937.0  11058
1937.5  10618
1938.0  3674
1938.5  -1004
1939.0  -1107
1939.5  4032
1940.0  9630
1940.5  8020
1941.0  4872
1941.5  2790
1942.0  226
1942.5  -206
1943.0  -658
1943.5  342
1944.0  1573
1944.5  3429
1945.0  4574
1945.5  5354
1946.0  5590
1946.5  6807
1947.0  7655
1947.5  6411
1948.0  8076
1948.5  7329
1949.0  6712
1949.5  7847
1950.0  5062
1950.5  4708
1951.0  2798
1951.5  2566
1952.0  5485
1952.5  6238
1953.0  6396
1953.5  5084
1954.0  6078
1954.5  6379
1955.0  6132
1955.5  6533
1956.0  4421
1956.5  5357
1957.0  4840
1957.5  3765
1958.0  4833
1958.5  4656
1959.0  4691
1959.5  6292
1960.0  5215
1960.5  5272
1961.0  7113
1961.5  6695
1962.0  7187
1962.5  5592
1963.0  4953
1963.5  6910
1964.0  7039
1964.5  4555
1965.0  2268
1965.5  1515
1966.0  11806
1966.5  10419
1967.0  7485
1967.5  5807
1968.0  5767
1968.5  -882
1969.0  -2121
1969.5  5916
1970.0  12438
1970.5  10967
1971.0  7777
1971.5  4469
1972.0  2336
1972.5  790
1973.0  841
1973.5  12027
1974.0  10755
1974.5  6694
1975.0  3666
1975.5  -229
1976.0  -1316
1976.5  309
1977.0  2701
1977.5  3444
1978.0  6656
1978.5  6001
1979.0  7628
1979.5  7549
1980.0  7566
1980.5  4870
1981.0  5828
1981.5  5138
1982.0  5439
1982.5  3514
1983.0  5579
1983.5  5659
1984.0  4862
1984.5  6630
1985.0  6248
1985.5  4957
1986.0  4704
1986.5  5198
1987.0  6431
1987.5  7182
1988.0  5739
1988.5  6095
1989.0  5470
1989.5  5110
1990.0  5419
1990.5  5668
1991.0  5876
1991.5  6053
1992.0  5489
1992.5  4940
1993.0  4167
1993.5  4978
1994.0  5255
1994.5  5837
1995.0  4919
1995.5  4660
1996.0  4753
1996.5  6400
1997.0  5837
1997.5  5696
1998.0  4771
1998.5  5736
1999.0  6147
1999.5  4765
2000.0  4732
2000.5  4879
2001.0  4988
2001.5  3353
2002.0  3311
2002.5  3920
2003.0  4912
2003.5  4632
2004.0  5348
2004.5  6865
2005.0  7528
2005.5  5741
2006.0  5601
2006.5  5600
2007.0  13850
2007.5  18636
2008.0  7556
2008.5  -680
2009.0  -7652
2009.5  -3771
2010.0  3441
2010.5  7517
2011.0  10160
2011.5  11465
2012.0  4517
2012.5  -835
2013.0  -2261
2013.5  257
2014.0  7526
2014.5  7938
2015.0  7392
2015.5  8284
2016.0  6295
2016.5  3043
2017.0  1204
2017.5  2918
2018.0  9321
2018.5  10029
2019.0  9220
2019.5  6337
2020.0  6776
2020.5  5880
2021.0  5981
2021.5  6379
2022.0  6427
2022.5  6351
2023.0  7577
2023.5  6949
2024.0  6485
2024.5  5791
2025.0  1927
2025.5  1400
2026.0  3158
2026.5  7628
2027.0  7348
2027.5  7096
2028.0  5769
2028.5  4831
2029.0  6065
2029.5  4197
2030.0  3694
2030.5  4233
2031.0  7049
2031.5  7039
2032.0  5790
2032.5  5480
2033.0  4802
2033.5  4855
2034.0  5731
2034.5  4895
2035.0  4884
2035.5  5893
2036.0  6379
2036.5  6184
2037.0  5462
2037.5  5157
2038.0  5309
2038.5  5325
2039.0  6228
2039.5  5210
2040.0  2718
2040.5  2522
2041.0  6812
2041.5  5883
2042.0  4998
2042.5  4578
2043.0  4809
2043.5  5470
2044.0  5292
2044.5  5882
2045.0  3678
2045.5  3869
2046.0  6090
2046.5  7130
2047.0  7036
2047.5  6721
