# -*- coding: utf-8 -*-
# vim: ft=conf fdm=marker et sts=2 sw=2
#
# Human breath rate data set II
#
# Data was obtained from 2048 continuous samples of dataset B1 (starting
# from the 12750th) of the Santa Fe time series contest [1].
#
# The first column contains time (in secs) and the second is the
# chest volume (respiration force).
#
# [1]: http://www.physionet.org/physiobank/database/santa-fe/

0.0     6668
0.5     684
1.0     859
1.5     2239
2.0     4606
2.5     9788
3.0     8970
3.5     7501
4.0     6273
4.5     5470
5.0     1392
5.5     376
6.0     2047
6.5     3081
7.0     9941
7.5     9576
8.0     7881
8.5     6541
9.0     5547
9.5     1777
10.0    402
10.5    1973
11.0    3336
11.5    8847
12.0    10841
12.5    8743
13.0    7001
13.5    5688
14.0    5474
14.5    5709
15.0    190
15.5    -804
16.0    1214
16.5    2993
17.0    10108
17.5    10658
18.0    8508
18.5    7299
19.0    6405
19.5    3805
20.0    -567
20.5    481
21.0    2185
21.5    8172
22.0    11388
22.5    8975
23.0    7522
23.5    6169
24.0    5273
24.5    -532
25.0    286
25.5    1895
26.0    3246
26.5    10417
27.0    10054
27.5    8049
28.0    7236
28.5    2657
29.0    1244
29.5    2053
30.0    2854
30.5    9542
31.0    9992
31.5    8413
32.0    7289
32.5    6284
33.0    1973
33.5    1392
34.0    1990
34.5    3116
35.0    9001
35.5    9893
36.0    8309
36.5    7461
37.0    5768
37.5    5316
38.0    1972
38.5    -426
39.0    1633
39.5    3005
40.0    10589
40.5    9681
41.0    8110
41.5    6723
42.0    5630
42.5    5055
43.0    -288
43.5    238
44.0    2166
44.5    7523
45.0    10868
45.5    8610
46.0    7295
46.5    6384
47.0    5530
47.5    748
48.0    411
48.5    2009
49.0    6365
49.5    10623
50.0    8787
50.5    7095
51.0    6414
51.5    5561
52.0    1638
52.5    231
53.0    1736
53.5    3524
54.0    11215
54.5    10121
55.0    7899
55.5    6389
56.0    5760
56.5    3385
57.0    -952
57.5    481
58.0    3298
58.5    8517
59.0    11160
59.5    9007
60.0    7415
60.5    6128
61.0    5087
61.5    -293
62.0    -687
62.5    1012
63.0    8203
63.5    11042
64.0    8758
64.5    7231
65.0    6485
65.5    5519
66.0    1907
66.5    123
67.0    1764
67.5    5249
68.0    11946
68.5    9803
69.0    7864
69.5    6538
70.0    5630
70.5    1498
71.0    598
71.5    1460
72.0    9436
72.5    9079
73.0    8136
73.5    7060
74.0    6096
74.5    1242
75.0    -682
75.5    1320
76.0    4054
76.5    12121
77.0    10088
77.5    7541
78.0    5910
78.5    5421
79.0    -277
79.5    -189
80.0    1065
80.5    9740
81.0    9777
81.5    7513
82.0    6735
82.5    5335
83.0    1733
83.5    -1036
84.0    1045
84.5    8977
85.0    10381
85.5    8508
86.0    7359
86.5    6204
87.0    5527
87.5    80
88.0    -131
88.5    3649
89.0    10529
89.5    9160
90.0    7456
90.5    6396
91.0    5295
91.5    4701
92.0    4908
92.5    3556
93.0    -1
93.5    -203
94.0    1198
94.5    5680
95.0    13093
95.5    10537
96.0    7956
96.5    6222
97.0    5516
97.5    3871
98.0    -376
98.5    953
99.0    3859
99.5    11766
100.0   9792
100.5   7484
101.0   7322
101.5   5403
102.0   2479
102.5   -1031
103.0   -29
103.5   2906
104.0   12153
104.5   9929
105.0   7770
105.5   6236
106.0   5202
106.5   1665
107.0   -1046
107.5   801
108.0   6102
108.5   11937
109.0   9602
109.5   7247
110.0   6377
110.5   5595
111.0   1599
111.5   -675
112.0   615
112.5   8382
113.0   11602
113.5   9273
114.0   7532
114.5   6150
115.0   5961
115.5   65
116.0   -1401
116.5   461
117.0   8457
117.5   11768
118.0   8958
118.5   7219
119.0   6586
119.5   5551
120.0   3872
120.5   462
121.0   16
121.5   1789
122.0   10903
122.5   10381
123.0   8019
123.5   6196
124.0   4913
124.5   312
125.0   192
125.5   2601
126.0   11545
126.5   10052
127.0   7799
127.5   6291
128.0   5329
128.5   1281
129.0   -103
129.5   1344
130.0   10001
130.5   9828
131.0   7787
131.5   6366
132.0   5344
132.5   653
133.0   -295
133.5   1187
134.0   10106
134.5   10732
135.0   8383
135.5   6306
136.0   5412
136.5   2715
137.0   -396
137.5   610
138.0   5841
138.5   11709
139.0   8913
139.5   6830
140.0   5875
140.5   4918
141.0   -800
141.5   -82
142.0   2597
142.5   11598
143.0   10294
143.5   7670
144.0   6278
144.5   4696
145.0   -625
145.5   39
146.0   7845
146.5   11026
147.0   8532
147.5   6722
148.0   5782
148.5   5239
149.0   -45
149.5   -813
150.0   1920
150.5   10783
151.0   10279
151.5   8075
152.0   6908
152.5   5795
153.0   5376
153.5   134
154.0   -239
154.5   2073
155.0   10300
155.5   10463
156.0   7715
156.5   6310
157.0   5503
157.5   1235
158.0   -558
158.5   220
159.0   7761
159.5   10924
160.0   8681
160.5   6847
161.0   5543
161.5   5343
162.0   3373
162.5   -66
163.0   204
163.5   4443
164.0   13095
164.5   10014
165.0   7269
165.5   5980
166.0   4884
166.5   4532
167.0   2162
167.5   -1380
168.0   564
168.5   6240
169.0   13002
169.5   10154
170.0   7396
170.5   6242
171.0   5918
171.5   5422
172.0   5077
172.5   4965
173.0   3994
173.5   655
174.0   1042
174.5   2459
175.0   10458
175.5   9640
176.0   7333
176.5   6033
177.0   1189
177.5   23
178.0   4821
178.5   9576
179.0   9215
179.5   7151
180.0   5732
180.5   4941
181.0   466
181.5   103
182.0   2059
182.5   11351
183.0   10592
183.5   7957
184.0   6417
184.5   5792
185.0   4910
185.5   2742
186.0   -468
186.5   444
187.0   3577
187.5   12748
188.0   10015
188.5   7521
189.0   6756
189.5   4013
190.0   -963
190.5   -661
191.0   2405
191.5   13384
192.0   11085
192.5   8395
193.0   5980
193.5   4925
194.0   1320
194.5   -1423
195.0   -189
195.5   6524
196.0   12959
196.5   8681
197.0   6203
197.5   4834
198.0   4124
198.5   352
199.0   -493
199.5   626
200.0   10836
200.5   10847
201.0   9002
201.5   6703
202.0   5802
202.5   2997
203.0   161
203.5   1715
204.0   9775
204.5   9314
205.0   7668
205.5   6219
206.0   774
206.5   573
207.0   1917
207.5   10695
208.0   11922
208.5   9116
209.0   6921
209.5   5855
210.0   3944
210.5   -421
211.0   -272
211.5   3315
212.0   12328
212.5   10049
213.0   6957
213.5   5839
214.0   5335
214.5   -723
215.0   -789
215.5   1166
216.0   11227
216.5   10320
217.0   7299
217.5   5930
218.0   3392
218.5   -617
219.0   580
219.5   9432
220.0   10455
220.5   8051
221.0   6460
221.5   5228
222.0   1058
222.5   -186
223.0   1147
223.5   10754
224.0   10712
224.5   7819
225.0   5981
225.5   5384
226.0   2742
226.5   -465
227.0   292
227.5   5644
228.0   12304
228.5   9328
229.0   7094
229.5   5858
230.0   4984
230.5   1086
231.0   -1074
231.5   43
232.0   10018
232.5   10960
233.0   8418
233.5   6646
234.0   5445
234.5   4410
235.0   175
235.5   -288
236.0   1801
236.5   10461
237.0   11481
237.5   8455
238.0   6724
238.5   2805
239.0   406
239.5   1759
240.0   11967
240.5   10337
241.0   7970
241.5   6164
242.0   4767
242.5   2936
243.0   -285
243.5   1031
244.0   5271
244.5   11764
245.0   8971
245.5   6619
246.0   5565
246.5   4833
247.0   175
247.5   23
248.0   1558
248.5   10041
249.0   10958
249.5   8432
250.0   7020
250.5   5907
251.0   5011
251.5   1399
252.0   242
252.5   692
253.0   4618
253.5   12641
254.0   9821
254.5   7482
255.0   6174
255.5   5446
256.0   5340
256.5   2610
257.0   -133
257.5   1240
258.0   2368
258.5   12468
259.0   10505
259.5   7740
260.0   6500
260.5   5040
261.0   2817
261.5   -1095
262.0   -954
262.5   1406
263.0   13151
263.5   11646
264.0   8427
264.5   6688
265.0   5805
265.5   4714
266.0   -196
266.5   -216
267.0   2722
267.5   11638
268.0   9396
268.5   6683
269.0   5677
269.5   4009
270.0   192
270.5   -38
271.0   2750
271.5   11050
272.0   8897
272.5   6872
273.0   5789
273.5   3944
274.0   -172
274.5   642
275.0   2507
275.5   12675
276.0   10343
276.5   8436
277.0   6389
277.5   4949
278.0   -255
278.5   -139
279.0   2271
279.5   11873
280.0   11171
280.5   8139
281.0   6398
281.5   2506
282.0   -886
282.5   3313
283.0   11132
283.5   9717
284.0   6878
284.5   4838
285.0   -581
285.5   389
286.0   3244
286.5   11465
287.0   9326
287.5   6910
288.0   5736
288.5   3797
289.0   -196
289.5   1404
290.0   2678
290.5   9706
291.0   9778
291.5   7556
292.0   5787
292.5   1762
293.0   443
293.5   1850
294.0   7295
294.5   11850
295.0   9138
295.5   6978
296.0   6016
296.5   80
297.0   307
297.5   5182
298.0   11051
298.5   8414
299.0   6100
299.5   5201
300.0   -595
300.5   -518
301.0   2368
301.5   12040
302.0   9874
302.5   7752
303.0   5198
303.5   -165
304.0   536
304.5   2392
305.0   11794
305.5   9628
306.0   7275
306.5   5444
307.0   4784
307.5   -281
308.0   -570
308.5   1454
309.0   8970
309.5   12443
310.0   8994
310.5   7485
311.0   6055
311.5   1820
312.0   -572
312.5   317
313.0   5781
313.5   12143
314.0   9669
314.5   7089
315.0   5858
315.5   4906
316.0   5180
316.5   3257
317.0   -161
317.5   748
318.0   2425
318.5   11829
319.0   9473
319.5   8094
320.0   5962
320.5   67
321.0   1052
321.5   6217
322.0   10586
322.5   8511
323.0   7301
323.5   6172
324.0   5089
324.5   4378
325.0   1970
325.5   -757
326.0   2626
326.5   6770
327.0   11514
327.5   9743
328.0   7408
328.5   1977
329.0   -643
329.5   1114
330.0   3027
330.5   11605
331.0   11780
331.5   8937
332.0   6617
332.5   5389
333.0   4508
333.5   102
334.0   -2036
334.5   -632
335.0   3908
335.5   10886
336.0   10495
336.5   8216
337.0   6741
337.5   5852
338.0   5432
338.5   4004
339.0   -979
339.5   -1998
340.0   -6
340.5   9084
341.0   11386
341.5   9399
342.0   8130
342.5   7076
343.0   5572
343.5   5358
344.0   4576
344.5   1117
345.0   1084
345.5   2243
346.0   10616
346.5   9901
347.0   8217
347.5   7679
348.0   5783
348.5   3734
349.0   717
349.5   677
350.0   4762
350.5   10316
351.0   8486
351.5   6916
352.0   5662
352.5   4466
353.0   3705
353.5   78
354.0   1181
354.5   2659
355.0   11681
355.5   10359
356.0   7816
356.5   5690
357.0   4587
357.5   344
358.0   514
358.5   2214
359.0   9129
359.5   12965
360.0   9126
360.5   6552
361.0   5229
361.5   3364
362.0   -1448
362.5   -768
363.0   1259
363.5   9302
364.0   14282
364.5   9862
365.0   7106
365.5   5657
366.0   -1355
366.5   -2388
367.0   1735
367.5   14035
368.0   10670
368.5   7062
369.0   5728
369.5   1139
370.0   -1816
370.5   308
371.0   8122
371.5   13249
372.0   9811
372.5   7848
373.0   6216
373.5   296
374.0   -1702
374.5   377
375.0   11979
375.5   11080
376.0   7868
376.5   6276
377.0   5330
377.5   1170
378.0   -1029
378.5   666
379.0   11104
379.5   11651
380.0   8482
380.5   6501
381.0   5449
381.5   5264
382.0   2261
382.5   -1053
383.0   45
383.5   7033
384.0   11184
384.5   9295
385.0   7325
385.5   5713
386.0   -155
386.5   137
387.0   5663
387.5   10822
388.0   8849
388.5   6810
389.0   5417
389.5   5461
390.0   414
390.5   85
391.0   1651
391.5   9937
392.0   11430
392.5   8806
393.0   6804
393.5   6461
394.0   4741
394.5   1340
395.0   423
395.5   1692
396.0   10373
396.5   10927
397.0   8305
397.5   6466
398.0   5085
398.5   402
399.0   -1114
399.5   722
400.0   9176
400.5   10567
401.0   7713
401.5   6259
402.0   4525
402.5   -1013
403.0   -147
403.5   4666
404.0   12236
404.5   9020
405.0   6786
405.5   5606
406.0   -412
406.5   -1008
407.0   1679
407.5   11317
408.0   9830
408.5   6994
409.0   5705
409.5   2812
410.0   -1522
410.5   -22
411.0   8336
411.5   11570
412.0   8911
412.5   7350
413.0   5194
413.5   280
414.0   768
414.5   7086
415.0   11719
415.5   9342
416.0   7303
416.5   6235
417.0   3762
417.5   -322
418.0   579
418.5   6477
419.0   10929
419.5   8557
420.0   6784
420.5   5755
421.0   328
421.5   242
422.0   3976
422.5   11233
423.0   9257
423.5   7027
424.0   5747
424.5   2570
425.0   -334
425.5   1233
426.0   2444
426.5   9616
427.0   12266
427.5   9135
428.0   6971
428.5   6535
429.0   4922
429.5   1384
430.0   -1502
430.5   45
431.0   8282
431.5   12348
432.0   9085
432.5   6032
433.0   5343
433.5   4667
434.0   1491
434.5   -1530
435.0   -264
435.5   3828
436.0   11825
436.5   10041
437.0   7820
437.5   6190
438.0   4045
438.5   -22
439.0   -93
439.5   4888
440.0   11528
440.5   9516
441.0   7115
441.5   6280
442.0   5247
442.5   4903
443.0   2895
443.5   447
444.0   940
444.5   8932
445.0   12174
445.5   9664
446.0   8185
446.5   6536
447.0   5559
447.5   3368
448.0   3186
448.5   2615
449.0   4202
449.5   3612
450.0   3290
450.5   3920
451.0   10050
451.5   8944
452.0   6414
452.5   4712
453.0   3435
453.5   2494
454.0   3023
454.5   7649
455.0   13520
455.5   9264
456.0   9088
456.5   5741
457.0   714
457.5   -1379
458.0   -182
458.5   5462
459.0   11166
459.5   9636
460.0   8890
460.5   8582
461.0   3476
461.5   -254
462.0   -1112
462.5   -1930
463.0   1421
463.5   14102
464.0   10358
464.5   6571
465.0   5415
465.5   3779
466.0   -848
466.5   -3404
467.0   830
467.5   12024
468.0   10256
468.5   8466
469.0   6630
469.5   2397
470.0   698
470.5   3515
471.0   13199
471.5   11307
472.0   9761
472.5   5916
473.0   6006
473.5   1656
474.0   -2641
474.5   -700
475.0   10823
475.5   13619
476.0   9115
476.5   7290
477.0   5609
477.5   5144
478.0   -819
478.5   -994
479.0   2320
479.5   10691
480.0   10931
480.5   8787
481.0   6219
481.5   5189
482.0   4505
482.5   4418
483.0   959
483.5   3162
484.0   9073
484.5   7557
485.0   6178
485.5   3408
486.0   2011
486.5   8008
487.0   9815
487.5   5939
488.0   3726
488.5   3365
489.0   2246
489.5   3441
490.0   9832
490.5   10713
491.0   6949
491.5   6691
492.0   6033
492.5   4197
493.0   1377
493.5   387
494.0   1972
494.5   2819
495.0   1627
495.5   11672
496.0   11167
496.5   13539
497.0   8473
497.5   7326
498.0   4489
498.5   4016
499.0   3384
499.5   365
500.0   -3428
500.5   -3655
501.0   243
501.5   10066
502.0   9559
502.5   8186
503.0   6672
503.5   6864
504.0   5784
504.5   4568
505.0   2144
505.5   2695
506.0   6303
506.5   10483
507.0   8973
507.5   7341
508.0   5537
508.5   4814
509.0   3718
509.5   4314
510.0   3421
510.5   3645
511.0   4027
511.5   7292
512.0   11305
512.5   9362
513.0   7786
513.5   5378
514.0   4559
514.5   1874
515.0   2230
515.5   7360
516.0   10454
516.5   8421
517.0   6573
517.5   4197
518.0   2202
518.5   95
519.0   924
519.5   3781
520.0   11476
520.5   9430
521.0   7349
521.5   5331
522.0   4307
522.5   2973
523.0   1873
523.5   679
524.0   4659
524.5   9749
525.0   9638
525.5   7352
526.0   5742
526.5   2615
527.0   322
527.5   2743
528.0   8829
528.5   10001
529.0   7550
529.5   5894
530.0   4913
530.5   -111
531.0   1283
531.5   551
532.0   12207
532.5   12185
533.0   8963
533.5   6280
534.0   2266
534.5   -1580
535.0   -1122
535.5   2980
536.0   10021
536.5   9619
537.0   8000
537.5   4765
538.0   141
538.5   -604
539.0   7826
539.5   10323
540.0   8447
540.5   7318
541.0   5564
541.5   2179
542.0   1146
542.5   4976
543.0   8599
543.5   7705
544.0   4428
544.5   1610
545.0   1311
545.5   9251
546.0   10019
546.5   8727
547.0   7070
547.5   4385
548.0   1057
548.5   440
549.0   1442
549.5   10099
550.0   10489
550.5   9508
551.0   6477
551.5   6580
552.0   2442
552.5   -681
553.0   478
553.5   5264
554.0   11370
554.5   10480
555.0   7271
555.5   6012
556.0   975
556.5   -2187
557.0   -838
557.5   5530
558.0   13094
558.5   10484
559.0   7101
559.5   5187
560.0   3461
560.5   -2166
561.0   -1592
561.5   6865
562.0   12401
562.5   9744
563.0   7863
563.5   7916
564.0   5045
564.5   -994
565.0   -1768
565.5   1341
566.0   12182
566.5   11418
567.0   8741
567.5   6526
568.0   6914
568.5   5993
569.0   762
569.5   -1741
570.0   1226
570.5   12313
571.0   9915
571.5   8174
572.0   5704
572.5   5033
573.0   2882
573.5   -525
574.0   43
574.5   2056
575.0   11336
575.5   9550
576.0   7970
576.5   5172
577.0   5203
577.5   4814
578.0   2532
578.5   5191
579.0   3812
579.5   2578
580.0   3892
580.5   8956
581.0   11484
581.5   9258
582.0   5232
582.5   1876
583.0   3414
583.5   1022
584.0   7301
584.5   9243
585.0   6479
585.5   5490
586.0   3820
586.5   1471
587.0   1121
587.5   1446
588.0   8622
588.5   11949
589.0   9314
589.5   7735
590.0   6307
590.5   -706
591.0   -832
591.5   4804
592.0   11953
592.5   9433
593.0   8270
593.5   5481
594.0   -391
594.5   -3004
595.0   -887
595.5   11298
596.0   11269
596.5   8846
597.0   6915
597.5   1481
598.0   724
598.5   1293
599.0   10205
599.5   8863
600.0   8079
600.5   2265
601.0   103
601.5   1951
602.0   11149
602.5   9737
603.0   7305
603.5   7281
604.0   978
604.5   -718
605.0   2102
605.5   12142
606.0   10599
606.5   7151
607.0   7666
607.5   3749
608.0   -400
608.5   -1910
609.0   1729
609.5   11835
610.0   9099
610.5   7650
611.0   5524
611.5   4369
612.0   1031
612.5   217
613.0   515
613.5   5855
614.0   11301
614.5   9521
615.0   6980
615.5   8702
616.0   4848
616.5   1455
617.0   -1002
617.5   -69
618.0   2380
618.5   12094
619.0   12691
619.5   8241
620.0   7591
620.5   4725
621.0   5500
621.5   888
622.0   687
622.5   1124
623.0   8141
623.5   13152
624.0   11795
624.5   9955
625.0   5485
625.5   2706
626.0   877
626.5   -1022
627.0   -672
627.5   1778
628.0   11797
628.5   10953
629.0   8668
629.5   7571
630.0   6597
630.5   5967
631.0   -345
631.5   -299
632.0   5487
632.5   10967
633.0   11671
633.5   7542
634.0   2692
634.5   -1850
635.0   -1229
635.5   6075
636.0   12988
636.5   10409
637.0   7020
637.5   3876
638.0   3193
638.5   -673
639.0   -1745
639.5   -330
640.0   4958
640.5   13286
641.0   10412
641.5   8027
642.0   6090
642.5   4012
643.0   38
643.5   638
644.0   2692
644.5   12192
645.0   10568
645.5   8062
646.0   6589
646.5   4887
647.0   1371
647.5   250
648.0   1590
648.5   6471
649.0   12184
649.5   9669
650.0   7721
650.5   5811
651.0   4011
651.5   3866
652.0   1826
652.5   28
653.0   893
653.5   3265
654.0   11864
654.5   9793
655.0   7492
655.5   6385
656.0   3382
656.5   671
657.0   1674
657.5   5802
658.0   11123
658.5   9112
659.0   7160
659.5   3942
660.0   -186
660.5   593
661.0   7302
661.5   11233
662.0   8680
662.5   6376
663.0   4553
663.5   -833
664.0   -632
664.5   1740
665.0   12213
665.5   10670
666.0   7925
666.5   5979
667.0   4478
667.5   -257
668.0   -460
668.5   1833
669.0   11439
669.5   11909
670.0   8587
670.5   6604
671.0   5796
671.5   4091
672.0   212
672.5   -550
673.0   1256
673.5   10763
674.0   10547
674.5   10247
675.0   8830
675.5   2512
676.0   -1181
676.5   920
677.0   9510
677.5   11059
678.0   8795
678.5   5703
679.0   4430
679.5   -103
680.0   -2305
680.5   -202
681.0   2946
681.5   11457
682.0   10777
682.5   8153
683.0   5535
683.5   965
684.0   -455
684.5   1954
685.0   7179
685.5   10730
686.0   8889
686.5   6270
687.0   5398
687.5   -6
688.0   -398
688.5   1617
689.0   11115
689.5   11270
690.0   10011
690.5   6465
691.0   5251
691.5   1719
692.0   -2111
692.5   -39
693.0   7487
693.5   11468
694.0   9893
694.5   7444
695.0   6216
695.5   1706
696.0   -1549
696.5   191
697.0   8074
697.5   12031
698.0   10933
698.5   9118
699.0   6853
699.5   5357
700.0   476
700.5   -1963
701.0   764
701.5   10314
702.0   9944
702.5   9052
703.0   6447
703.5   5287
704.0   5062
704.5   5013
705.0   457
705.5   -1647
706.0   897
706.5   10473
707.0   10793
707.5   8154
708.0   6229
708.5   6365
709.0   5388
709.5   4606
710.0   4155
710.5   3592
711.0   -582
711.5   910
712.0   3925
712.5   10232
713.0   10025
713.5   7787
714.0   4415
714.5   -188
715.0   458
715.5   6260
716.0   11152
716.5   8888
717.0   7457
717.5   7394
718.0   3561
718.5   -1612
719.0   -888
719.5   5875
720.0   11827
720.5   9579
721.0   7194
721.5   5998
722.0   3252
722.5   -1698
723.0   851
723.5   3207
724.0   14567
724.5   10605
725.0   7505
725.5   6178
726.0   5843
726.5   1532
727.0   -526
727.5   274
728.0   5123
728.5   12046
729.0   9117
729.5   6207
730.0   5275
730.5   -188
731.0   -284
731.5   2797
732.0   3889
732.5   13924
733.0   10895
733.5   8024
734.0   6414
734.5   5245
735.0   1663
735.5   5318
736.0   605
736.5   1276
737.0   7896
737.5   4808
738.0   3504
738.5   4002
739.0   12413
739.5   10434
740.0   7869
740.5   6355
741.0   5405
741.5   3366
742.0   1
742.5   499
743.0   3277
743.5   10486
744.0   8930
744.5   7216
745.0   5794
745.5   5634
746.0   1636
746.5   1327
747.0   3505
747.5   10643
748.0   9872
748.5   7263
749.0   6268
749.5   4128
750.0   -343
750.5   180
751.0   2285
751.5   11296
752.0   10462
752.5   7111
753.0   6408
753.5   5588
754.0   119
754.5   483
755.0   1844
755.5   9748
756.0   10449
756.5   8057
757.0   6406
757.5   229
758.0   -1042
758.5   2918
759.0   11350
759.5   9514
760.0   7543
760.5   6305
761.0   3784
761.5   -1156
762.0   -391
762.5   4235
763.0   13548
763.5   10085
764.0   6921
764.5   5341
765.0   4862
765.5   412
766.0   -537
766.5   1109
767.0   11948
767.5   12233
768.0   9560
768.5   6584
769.0   4521
769.5   1843
770.0   -1865
770.5   -857
771.0   6477
771.5   12259
772.0   8974
772.5   7319
773.0   5609
773.5   -1159
774.0   -680
774.5   1975
775.0   13703
775.5   11726
776.0   8393
776.5   7375
777.0   5389
777.5   4223
778.0   1522
778.5   -2309
779.0   577
779.5   4282
780.0   13424
780.5   10476
781.0   7484
781.5   5752
782.0   4605
782.5   3967
783.0   -330
783.5   -361
784.0   1680
784.5   10989
785.0   9981
785.5   8001
786.0   6772
786.5   862
787.0   -656
787.5   3380
788.0   10605
788.5   9017
789.0   7325
789.5   5218
790.0   144
790.5   -537
791.0   2054
791.5   11036
792.0   9658
792.5   7227
793.0   5827
793.5   4673
794.0   -58
794.5   537
795.0   7731
795.5   11341
796.0   9630
796.5   6960
797.0   5723
797.5   4082
798.0   779
798.5   118
799.0   4061
799.5   11784
800.0   9728
800.5   6796
801.0   5015
801.5   3710
802.0   -494
802.5   369
803.0   2365
803.5   12974
804.0   10836
804.5   7704
805.0   5740
805.5   4234
806.0   3921
806.5   3080
807.0   -887
807.5   -537
808.0   1549
808.5   5930
809.0   13701
809.5   11510
810.0   8721
810.5   7162
811.0   5877
811.5   1882
812.0   -2121
812.5   -946
813.0   5948
813.5   12469
814.0   10641
814.5   7392
815.0   5984
815.5   5163
816.0   4538
816.5   -212
817.0   -1194
817.5   816
818.0   10866
818.5   10778
819.0   8765
819.5   6808
820.0   5870
820.5   5307
821.0   4286
821.5   86
822.0   179
822.5   4115
823.0   12057
823.5   10334
824.0   8129
824.5   7118
825.0   5572
825.5   4698
826.0   3863
826.5   291
827.0   319
827.5   3321
828.0   11850
828.5   9517
829.0   6942
829.5   6308
830.0   4881
830.5   4429
831.0   3684
831.5   1749
832.0   284
832.5   434
833.0   5038
833.5   12877
834.0   9812
834.5   7243
835.0   5995
835.5   5328
836.0   -12
836.5   -890
837.0   1055
837.5   10850
838.0   10770
838.5   7587
839.0   6294
839.5   4818
840.0   4083
840.5   -165
841.0   1265
841.5   2532
842.0   12478
842.5   9969
843.0   7520
843.5   5692
844.0   -418
844.5   391
845.0   2424
845.5   12360
846.0   9861
846.5   6882
847.0   5974
847.5   2300
848.0   -492
848.5   1535
849.0   10366
849.5   8804
850.0   7206
850.5   2216
851.0   53
851.5   2137
852.0   10676
852.5   9952
853.0   7592
853.5   3663
854.0   212
854.5   1797
855.0   10417
855.5   10306
856.0   7627
856.5   5763
857.0   142
857.5   -459
858.0   1009
858.5   7560
859.0   13181
859.5   10227
860.0   7496
860.5   5688
861.0   3345
861.5   -915
862.0   -463
862.5   2249
863.0   14326
863.5   11720
864.0   8488
864.5   5322
865.0   3752
865.5   -2420
866.0   -2366
866.5   3829
867.0   12288
867.5   10027
868.0   7070
868.5   4610
869.0   3324
869.5   -3028
870.0   -997
870.5   4299
871.0   13175
871.5   10642
872.0   7035
872.5   5271
873.0   1193
873.5   -1517
874.0   236
874.5   9720
875.0   13018
875.5   9243
876.0   6490
876.5   4951
877.0   5121
877.5   2888
878.0   -2022
878.5   -865
879.0   4304
879.5   13159
880.0   9928
880.5   7476
881.0   5821
881.5   3414
882.0   -1170
882.5   28
883.0   9145
883.5   10713
884.0   8730
884.5   7499
885.0   6665
885.5   520
886.0   1157
886.5   8597
887.0   8733
887.5   6824
888.0   1537
888.5   -238
889.0   1914
889.5   11941
890.0   10823
890.5   7944
891.0   6769
891.5   5605
892.0   4573
892.5   2824
893.0   166
893.5   516
894.0   4272
894.5   10202
895.0   9224
895.5   7064
896.0   5951
896.5   4433
897.0   1368
897.5   244
898.0   2238
898.5   10288
899.0   10098
899.5   8093
900.0   6329
900.5   4788
901.0   593
901.5   637
902.0   2844
902.5   10110
903.0   9433
903.5   7638
904.0   5545
904.5   4900
905.0   2166
905.5   438
906.0   1087
906.5   3617
907.0   11680
907.5   10159
908.0   7943
908.5   6122
909.0   5363
909.5   3635
910.0   3919
910.5   3692
911.0   739
911.5   752
912.0   2451
912.5   9211
913.0   13501
913.5   10462
914.0   8136
914.5   5850
915.0   4459
915.5   2904
916.0   -1189
916.5   -281
917.0   2563
917.5   12418
918.0   10568
918.5   7805
919.0   6259
919.5   5383
920.0   3658
920.5   -1602
921.0   -600
921.5   4337
922.0   13072
922.5   9659
923.0   7042
923.5   5200
924.0   4598
924.5   21
925.0   -653
925.5   1266
926.0   11357
926.5   10945
927.0   8622
927.5   6526
928.0   4750
928.5   -578
929.0   471
929.5   8863
930.0   10068
930.5   7981
931.0   6978
931.5   5990
932.0   800
932.5   23
933.0   2177
933.5   10785
934.0   10004
934.5   8197
935.0   6571
935.5   3814
936.0   -2
936.5   685
937.0   8625
937.5   10559
938.0   8010
938.5   7054
939.0   3246
939.5   -383
940.0   1156
940.5   6192
941.0   11159
941.5   8709
942.0   6722
942.5   5607
943.0   4465
943.5   2190
944.0   -274
944.5   921
945.0   4993
945.5   11906
946.0   9416
946.5   7469
947.0   6138
947.5   5140
948.0   738
948.5   -5
949.0   5255
949.5   9715
950.0   8679
950.5   7652
951.0   5697
951.5   -439
952.0   108
952.5   2029
953.0   7370
953.5   12107
954.0   10819
954.5   8847
955.0   7258
955.5   5916
956.0   4703
956.5   -1777
957.0   -2359
957.5   126
958.0   6845
958.5   10315
959.0   9340
959.5   7942
960.0   6902
960.5   5813
961.0   4947
961.5   -1113
962.0   -23
962.5   2005
963.0   8242
963.5   9693
964.0   9416
964.5   7939
965.0   7033
965.5   6171
966.0   3372
966.5   -919
967.0   946
967.5   4298
968.0   11753
968.5   10208
969.0   8352
969.5   6801
970.0   5655
970.5   4799
971.0   4351
971.5   3066
972.0   -1367
972.5   -381
973.0   1570
973.5   10417
974.0   10659
974.5   8123
975.0   7089
975.5   5925
976.0   5602
976.5   5658
977.0   4995
977.5   3882
978.0   4260
978.5   877
979.0   988
979.5   2914
980.0   10593
980.5   10518
981.0   8278
981.5   7049
982.0   6497
982.5   5780
983.0   3780
983.5   -506
984.0   1099
984.5   5233
985.0   11415
985.5   10007
986.0   7548
986.5   6510
987.0   5753
987.5   4542
988.0   492
988.5   -800
989.0   700
989.5   9475
990.0   10748
990.5   8490
991.0   6436
991.5   5314
992.0   5109
992.5   -157
993.0   -1262
993.5   1304
994.0   8012
994.5   13858
995.0   9727
995.5   6617
996.0   5153
996.5   4507
997.0   -809
997.5   -1375
998.0   1330
998.5   7784
999.0   13168
999.5   10040
1000.0  7330
1000.5  5638
1001.0  4865
1001.5  -1176
1002.0  -501
1002.5  3132
1003.0  12235
1003.5  10147
1004.0  7750
1004.5  5867
1005.0  5120
1005.5  4705
1006.0  1974
1006.5  -211
1007.0  734
1007.5  8850
1008.0  10541
1008.5  8588
1009.0  7002
1009.5  5958
1010.0  3350
1010.5  -468
1011.0  631
1011.5  3757
1012.0  6623
1012.5  11602
1013.0  10462
1013.5  8322
1014.0  6413
1014.5  96
1015.0  -120
1015.5  2557
1016.0  11723
1016.5  10176
1017.0  7389
1017.5  5954
1018.0  3087
1018.5  -1405
1019.0  525
1019.5  3174
1020.0  13374
1020.5  9734
1021.0  6780
1021.5  5587
1022.0  4728
1022.5  307
1023.0  -522
1023.5  1304
